107.0
00000000100110010001111100011010
114.0
00000000100011111011100000100011
123.0
00000000100001010011010000001000
65.0
00000000111111000000111111000000
119.0
00000000100010011010111001000000
117.0
00000000100011000000100011000000
80.0
00000000110011001100110011001100
66.0
00000000111110000011111000001111
116.0
00000000100011010011110111001011
94.0
00000000101011100100110001000001
85.0
00000000110000001100000011000000
120.0
00000000100010001000100010001000
94.0
00000000101011100100110001000001
81.0
00000000110010100100010110000111
95.0
00000000101011000111011010010001
94.0
00000000101011100100110001000001
102.0
00000000101000001010000010100000
104.0
00000000100111011000100111011000
118.0
00000000100010101101100011110010
80.0
00000000110011001100110011001100
71.0
00000000111001101100001010110100
98.0
00000000101001110010111100000101
126.0
00000000100000100000100000100000
127.0
00000000100000010000001000000100
76.0
00000000110101111001010000110101
100.0
00000000101000111101011100001010
127.0
00000000100000010000001000000100
69.0
00000000111011010111001100000011
111.0
00000000100100111001101010000101
85.0
00000000110000001100000011000000
89.0
00000000101110000001011100000010
94.0
00000000101011100100110001000001
115.0
00000000100011100111100000110101
122.0
00000000100001100100101110001010
121.0
00000000100001110110011110101011
87.0
00000000101111000101001001100100
113.0
00000000100100001111110110111100
57.0
00000001000111110111000001000111
77.0
00000000110101001100011101111011
79.0
00000000110011110110010001110100
96.0
00000000101010101010101010101010
90.0
00000000101101100000101101100000
61.0
00000001000011001001011100010100
124.0
00000000100001000010000100001000
68.0
00000000111100001111000011110000
97.0
00000000101010001110100000111111
68.0
00000000111100001111000011110000
73.0
00000000111000000111000000111000
77.0
00000000110101001100011101111011
118.0
00000000100010101101100011110010
59.0
00000001000101011011000111100101
114.0
00000000100011111011100000100011
105.0
00000000100111000000100111000000
99.0
00000000101001010111111010110101
79.0
00000000110011110110010001110100
127.0
00000000100000010000001000000100
116.0
00000000100011010011110111001011
61.0
00000001000011001001011100010100
95.0
00000000101011000111011010010001
70.0
00000000111010100000111010100000
96.0
00000000101010101010101010101010
110.0
00000000100101001111001000001001
112.0
00000000100100100100100100100100
97.0
00000000101010001110100000111111
113.0
00000000100100001111110110111100
106.0
00000000100110101001000011100111
103.0
00000000100111110001000101100101
65.0
00000000111111000000111111000000
60.0
00000001000100010001000100010001
76.0
00000000110101111001010000110101
86.0
00000000101111101000001011111010
107.0
00000000100110010001111100011010
82.0
00000000110001111100111000001100
85.0
00000000110000001100000011000000
80.0
00000000110011001100110011001100
91.0
00000000101101000000101101000000
87.0
00000000101111000101001001100100
63.0
00000001000001000001000001000001
66.0
00000000111110000011111000001111
96.0
00000000101010101010101010101010
103.0
00000000100111110001000101100101
111.0
00000000100100111001101010000101
120.0
00000000100010001000100010001000
115.0
00000000100011100111100000110101
118.0
00000000100010101101100011110010
108.0
00000000100101111011010000100101
93.0
00000000101100000010110000001011
103.0
00000000100111110001000101100101
114.0
00000000100011111011100000100011
80.0
00000000110011001100110011001100
117.0
00000000100011000000100011000000
91.0
00000000101101000000101101000000
83.0
00000000110001010110010111001000
125.0
00000000100000110001001001101110
94.0
00000000101011100100110001000001
104.0
00000000100111011000100111011000
117.0
00000000100011000000100011000000
108.0
00000000100101111011010000100101
67.0
00000000111101001000100110001101
111.0
00000000100100111001101010000101
80.0
00000000110011001100110011001100
91.0
00000000101101000000101101000000
95.0
00000000101011000111011010010001
87.0
00000000101111000101001001100100
100.0
00000000101000111101011100001010
116.0
00000000100011010011110111001011
82.0
00000000110001111100111000001100
124.0
00000000100001000010000100001000
93.0
00000000101100000010110000001011
119.0
00000000100010011010111001000000
98.0
00000000101001110010111100000101
109.0
00000000100101100100111111011010
104.0
00000000100111011000100111011000
121.0
00000000100001110110011110101011
115.0
00000000100011100111100000110101
113.0
00000000100100001111110110111100
102.0
00000000101000001010000010100000
104.0
00000000100111011000100111011000
106.0
00000000100110101001000011100111
75.0
00000000110110100111010000001101
124.0
00000000100001000010000100001000
76.0
00000000110101111001010000110101
119.0
00000000100010011010111001000000
104.0
00000000100111011000100111011000
80.0
00000000110011001100110011001100
125.0
00000000100000110001001001101110
101.0
00000000101000100011011111000011
124.0
00000000100001000010000100001000
62.0
00000001000010000100001000010000
81.0
00000000110010100100010110000111
68.0
00000000111100001111000011110000
97.0
00000000101010001110100000111111
74.0
00000000110111010110011111001000
73.0
00000000111000000111000000111000
75.0
00000000110110100111010000001101
122.0
00000000100001100100101110001010
116.0
00000000100011010011110111001011
93.0
00000000101100000010110000001011
94.0
00000000101011100100110001000001
80.0
00000000110011001100110011001100
68.0
00000000111100001111000011110000
104.0
00000000100111011000100111011000
92.0
00000000101100100001011001000010
104.0
00000000100111011000100111011000
96.0
00000000101010101010101010101010
116.0
00000000100011010011110111001011
119.0
00000000100010011010111001000000
58.0
00000001000110100111101110010110
121.0
00000000100001110110011110101011
49.0
00000001010011100101111000001010
127.0
00000000100000010000001000000100
116.0
00000000100011010011110111001011
105.0
00000000100111000000100111000000
101.0
00000000101000100011011111000011
87.0
00000000101111000101001001100100
115.0
00000000100011100111100000110101
74.0
00000000110111010110011111001000
115.0
00000000100011100111100000110101
126.0
00000000100000100000100000100000
72.0
00000000111000111000111000111000
96.0
00000000101010101010101010101010
65.0
00000000111111000000111111000000
74.0
00000000110111010110011111001000
90.0
00000000101101100000101101100000
62.0
00000001000010000100001000010000
71.0
00000000111001101100001010110100
74.0
00000000110111010110011111001000
107.0
00000000100110010001111100011010
72.0
00000000111000111000111000111000
89.0
00000000101110000001011100000010
48.0
00000001010101010101010101010101
126.0
00000000100000100000100000100000
113.0
00000000100100001111110110111100
77.0
00000000110101001100011101111011
80.0
00000000110011001100110011001100
109.0
00000000100101100100111111011010
57.0
00000001000111110111000001000111
88.0
00000000101110100010111010001011
112.0
00000000100100100100100100100100
77.0
00000000110101001100011101111011
81.0
00000000110010100100010110000111
66.0
00000000111110000011111000001111
101.0
00000000101000100011011111000011
117.0
00000000100011000000100011000000
103.0
00000000100111110001000101100101
78.0
00000000110100100000110100100000
110.0
00000000100101001111001000001001
71.0
00000000111001101100001010110100
123.0
00000000100001010011010000001000
99.0
00000000101001010111111010110101
109.0
00000000100101100100111111011010
100.0
00000000101000111101011100001010
112.0
00000000100100100100100100100100
111.0
00000000100100111001101010000101
85.0
00000000110000001100000011000000
110.0
00000000100101001111001000001001
127.0
00000000100000010000001000000100
104.0
00000000100111011000100111011000
118.0
00000000100010101101100011110010
89.0
00000000101110000001011100000010
83.0
00000000110001010110010111001000
76.0
00000000110101111001010000110101
73.0
00000000111000000111000000111000
95.0
00000000101011000111011010010001
82.0
00000000110001111100111000001100
125.0
00000000100000110001001001101110
98.0
00000000101001110010111100000101
100.0
00000000101000111101011100001010
72.0
00000000111000111000111000111000
111.0
00000000100100111001101010000101
107.0
00000000100110010001111100011010
101.0
00000000101000100011011111000011
115.0
00000000100011100111100000110101
91.0
00000000101101000000101101000000
124.0
00000000100001000010000100001000
106.0
00000000100110101001000011100111
100.0
00000000101000111101011100001010
62.0
00000001000010000100001000010000
96.0
00000000101010101010101010101010
125.0
00000000100000110001001001101110
90.0
00000000101101100000101101100000
90.0
00000000101101100000101101100000
81.0
00000000110010100100010110000111
109.0
00000000100101100100111111011010
78.0
00000000110100100000110100100000
83.0
00000000110001010110010111001000
127.0
00000000100000010000001000000100
114.0
00000000100011111011100000100011
118.0
00000000100010101101100011110010
108.0
00000000100101111011010000100101
116.0
00000000100011010011110111001011
99.0
00000000101001010111111010110101
76.0
00000000110101111001010000110101
98.0
00000000101001110010111100000101
66.0
00000000111110000011111000001111
55.0
00000001001010011110010000010010
96.0
00000000101010101010101010101010
44.0
00000001011101000101110100010111
60.0
00000001000100010001000100010001
117.0
00000000100011000000100011000000
120.0
00000000100010001000100010001000
121.0
00000000100001110110011110101011
88.0
00000000101110100010111010001011
90.0
00000000101101100000101101100000
122.0
00000000100001100100101110001010
67.0
00000000111101001000100110001101
96.0
00000000101010101010101010101010
112.0
00000000100100100100100100100100
71.0
00000000111001101100001010110100
108.0
00000000100101111011010000100101
125.0
00000000100000110001001001101110
89.0
00000000101110000001011100000010
99.0
00000000101001010111111010110101
107.0
00000000100110010001111100011010
109.0
00000000100101100100111111011010
51.0
00000001010000010100000101000001
102.0
00000000101000001010000010100000
104.0
00000000100111011000100111011000
73.0
00000000111000000111000000111000
62.0
00000001000010000100001000010000
115.0
00000000100011100111100000110101
85.0
00000000110000001100000011000000
106.0
00000000100110101001000011100111
75.0
00000000110110100111010000001101
124.0
00000000100001000010000100001000
83.0
00000000110001010110010111001000
98.0
00000000101001110010111100000101
123.0
00000000100001010011010000001000
124.0
00000000100001000010000100001000
85.0
00000000110000001100000011000000
127.0
00000000100000010000001000000100
82.0
00000000110001111100111000001100
79.0
00000000110011110110010001110100
69.0
00000000111011010111001100000011
107.0
00000000100110010001111100011010
102.0
00000000101000001010000010100000
94.0
00000000101011100100110001000001
105.0
00000000100111000000100111000000
124.0
00000000100001000010000100001000
93.0
00000000101100000010110000001011
99.0
00000000101001010111111010110101
77.0
00000000110101001100011101111011
91.0
00000000101101000000101101000000
99.0
00000000101001010111111010110101
114.0
00000000100011111011100000100011
105.0
00000000100111000000100111000000
108.0
00000000100101111011010000100101
83.0
00000000110001010110010111001000
101.0
00000000101000100011011111000011
117.0
00000000100011000000100011000000
100.0
00000000101000111101011100001010
124.0
00000000100001000010000100001000
83.0
00000000110001010110010111001000
111.0
00000000100100111001101010000101
124.0
00000000100001000010000100001000
75.0
00000000110110100111010000001101
119.0
00000000100010011010111001000000
67.0
00000000111101001000100110001101
79.0
00000000110011110110010001110100
100.0
00000000101000111101011100001010
86.0
00000000101111101000001011111010
102.0
00000000101000001010000010100000
101.0
00000000101000100011011111000011
90.0
00000000101101100000101101100000
115.0
00000000100011100111100000110101
68.0
00000000111100001111000011110000
95.0
00000000101011000111011010010001
62.0
00000001000010000100001000010000
76.0
00000000110101111001010000110101
97.0
00000000101010001110100000111111
112.0
00000000100100100100100100100100
102.0
00000000101000001010000010100000
104.0
00000000100111011000100111011000
111.0
00000000100100111001101010000101
76.0
00000000110101111001010000110101
86.0
00000000101111101000001011111010
80.0
00000000110011001100110011001100
112.0
00000000100100100100100100100100
89.0
00000000101110000001011100000010
81.0
00000000110010100100010110000111
106.0
00000000100110101001000011100111
126.0
00000000100000100000100000100000
82.0
00000000110001111100111000001100
93.0
00000000101100000010110000001011
109.0
00000000100101100100111111011010
80.0
00000000110011001100110011001100
107.0
00000000100110010001111100011010
122.0
00000000100001100100101110001010
98.0
00000000101001110010111100000101
86.0
00000000101111101000001011111010
125.0
00000000100000110001001001101110
96.0
00000000101010101010101010101010
115.0
00000000100011100111100000110101
79.0
00000000110011110110010001110100
127.0
00000000100000010000001000000100
93.0
00000000101100000010110000001011
87.0
00000000101111000101001001100100
84.0
00000000110000110000110000110000
73.0
00000000111000000111000000111000
109.0
00000000100101100100111111011010
60.0
00000001000100010001000100010001
72.0
00000000111000111000111000111000
110.0
00000000100101001111001000001001
91.0
00000000101101000000101101000000
89.0
00000000101110000001011100000010
108.0
00000000100101111011010000100101
88.0
00000000101110100010111010001011
121.0
00000000100001110110011110101011
75.0
00000000110110100111010000001101
78.0
00000000110100100000110100100000
50.0
00000001010001111010111000010100
46.0
00000001011001000010110010000101
110.0
00000000100101001111001000001001
70.0
00000000111010100000111010100000
102.0
00000000101000001010000010100000
102.0
00000000101000001010000010100000
115.0
00000000100011100111100000110101
88.0
00000000101110100010111010001011
74.0
00000000110111010110011111001000
100.0
00000000101000111101011100001010
79.0
00000000110011110110010001110100
93.0
00000000101100000010110000001011
96.0
00000000101010101010101010101010
95.0
00000000101011000111011010010001
75.0
00000000110110100111010000001101
88.0
00000000101110100010111010001011
124.0
00000000100001000010000100001000
125.0
00000000100000110001001001101110
59.0
00000001000101011011000111100101
123.0
00000000100001010011010000001000
84.0
00000000110000110000110000110000
63.0
00000001000001000001000001000001
115.0
00000000100011100111100000110101
99.0
00000000101001010111111010110101
68.0
00000000111100001111000011110000
91.0
00000000101101000000101101000000
90.0
00000000101101100000101101100000
65.0
00000000111111000000111111000000
108.0
00000000100101111011010000100101
96.0
00000000101010101010101010101010
59.0
00000001000101011011000111100101
86.0
00000000101111101000001011111010
71.0
00000000111001101100001010110100
61.0
00000001000011001001011100010100
86.0
00000000101111101000001011111010
104.0
00000000100111011000100111011000
122.0
00000000100001100100101110001010
120.0
00000000100010001000100010001000
109.0
00000000100101100100111111011010
77.0
00000000110101001100011101111011
108.0
00000000100101111011010000100101
121.0
00000000100001110110011110101011
82.0
00000000110001111100111000001100
89.0
00000000101110000001011100000010
87.0
00000000101111000101001001100100
108.0
00000000100101111011010000100101
104.0
00000000100111011000100111011000
125.0
00000000100000110001001001101110
117.0
00000000100011000000100011000000
96.0
00000000101010101010101010101010
