00000000100110010001111100011010
00000000100011111011100000100011
00000000100001010011010000001000
00000000111111000000111111000000
00000000100010011010111001000000
00000000100011000000100011000000
00000000110011001100110011001100
00000000111110000011111000001111
00000000100011010011110111001011
00000000101011100100110001000001
00000000110000001100000011000000
00000000100010001000100010001000
00000000101011100100110001000001
00000000110010100100010110000111
00000000101011000111011010010001
00000000101011100100110001000001
00000000101000001010000010100000
00000000100111011000100111011000
00000000100010101101100011110010
00000000110011001100110011001100
00000000111001101100001010110100
00000000101001110010111100000101
00000000100000100000100000100000
00000000100000010000001000000100
00000000110101111001010000110101
00000000101000111101011100001010
00000000100000010000001000000100
00000000111011010111001100000011
00000000100100111001101010000101
00000000110000001100000011000000
00000000101110000001011100000010
00000000101011100100110001000001
00000000100011100111100000110101
00000000100001100100101110001010
00000000100001110110011110101011
00000000101111000101001001100100
00000000100100001111110110111100
00000001000111110111000001000111
00000000110101001100011101111011
00000000110011110110010001110100
00000000101010101010101010101010
00000000101101100000101101100000
00000001000011001001011100010100
00000000100001000010000100001000
00000000111100001111000011110000
00000000101010001110100000111111
00000000111100001111000011110000
00000000111000000111000000111000
00000000110101001100011101111011
00000000100010101101100011110010
00000001000101011011000111100101
00000000100011111011100000100011
00000000100111000000100111000000
00000000101001010111111010110101
00000000110011110110010001110100
00000000100000010000001000000100
00000000100011010011110111001011
00000001000011001001011100010100
00000000101011000111011010010001
00000000111010100000111010100000
00000000101010101010101010101010
00000000100101001111001000001001
00000000100100100100100100100100
00000000101010001110100000111111
00000000100100001111110110111100
00000000100110101001000011100111
00000000100111110001000101100101
00000000111111000000111111000000
00000001000100010001000100010001
00000000110101111001010000110101
00000000101111101000001011111010
00000000100110010001111100011010
00000000110001111100111000001100
00000000110000001100000011000000
00000000110011001100110011001100
00000000101101000000101101000000
00000000101111000101001001100100
00000001000001000001000001000001
00000000111110000011111000001111
00000000101010101010101010101010
00000000100111110001000101100101
00000000100100111001101010000101
00000000100010001000100010001000
00000000100011100111100000110101
00000000100010101101100011110010
00000000100101111011010000100101
00000000101100000010110000001011
00000000100111110001000101100101
00000000100011111011100000100011
00000000110011001100110011001100
00000000100011000000100011000000
00000000101101000000101101000000
00000000110001010110010111001000
00000000100000110001001001101110
00000000101011100100110001000001
00000000100111011000100111011000
00000000100011000000100011000000
00000000100101111011010000100101
00000000111101001000100110001101
00000000100100111001101010000101
00000000110011001100110011001100
00000000101101000000101101000000
00000000101011000111011010010001
00000000101111000101001001100100
00000000101000111101011100001010
00000000100011010011110111001011
00000000110001111100111000001100
00000000100001000010000100001000
00000000101100000010110000001011
00000000100010011010111001000000
00000000101001110010111100000101
00000000100101100100111111011010
00000000100111011000100111011000
00000000100001110110011110101011
00000000100011100111100000110101
00000000100100001111110110111100
00000000101000001010000010100000
00000000100111011000100111011000
00000000100110101001000011100111
00000000110110100111010000001101
00000000100001000010000100001000
00000000110101111001010000110101
00000000100010011010111001000000
00000000100111011000100111011000
00000000110011001100110011001100
00000000100000110001001001101110
00000000101000100011011111000011
00000000100001000010000100001000
00000001000010000100001000010000
00000000110010100100010110000111
00000000111100001111000011110000
00000000101010001110100000111111
00000000110111010110011111001000
00000000111000000111000000111000
00000000110110100111010000001101
00000000100001100100101110001010
00000000100011010011110111001011
00000000101100000010110000001011
00000000101011100100110001000001
00000000110011001100110011001100
00000000111100001111000011110000
00000000100111011000100111011000
00000000101100100001011001000010
00000000100111011000100111011000
00000000101010101010101010101010
00000000100011010011110111001011
00000000100010011010111001000000
00000001000110100111101110010110
00000000100001110110011110101011
00000001010011100101111000001010
00000000100000010000001000000100
00000000100011010011110111001011
00000000100111000000100111000000
00000000101000100011011111000011
00000000101111000101001001100100
00000000100011100111100000110101
00000000110111010110011111001000
00000000100011100111100000110101
00000000100000100000100000100000
00000000111000111000111000111000
00000000101010101010101010101010
00000000111111000000111111000000
00000000110111010110011111001000
00000000101101100000101101100000
00000001000010000100001000010000
00000000111001101100001010110100
00000000110111010110011111001000
00000000100110010001111100011010
00000000111000111000111000111000
00000000101110000001011100000010
00000001010101010101010101010101
00000000100000100000100000100000
00000000100100001111110110111100
00000000110101001100011101111011
00000000110011001100110011001100
00000000100101100100111111011010
00000001000111110111000001000111
00000000101110100010111010001011
00000000100100100100100100100100
00000000110101001100011101111011
00000000110010100100010110000111
00000000111110000011111000001111
00000000101000100011011111000011
00000000100011000000100011000000
00000000100111110001000101100101
00000000110100100000110100100000
00000000100101001111001000001001
00000000111001101100001010110100
00000000100001010011010000001000
00000000101001010111111010110101
00000000100101100100111111011010
00000000101000111101011100001010
00000000100100100100100100100100
00000000100100111001101010000101
00000000110000001100000011000000
00000000100101001111001000001001
00000000100000010000001000000100
00000000100111011000100111011000
00000000100010101101100011110010
00000000101110000001011100000010
00000000110001010110010111001000
00000000110101111001010000110101
00000000111000000111000000111000
00000000101011000111011010010001
00000000110001111100111000001100
00000000100000110001001001101110
00000000101001110010111100000101
00000000101000111101011100001010
00000000111000111000111000111000
00000000100100111001101010000101
00000000100110010001111100011010
00000000101000100011011111000011
00000000100011100111100000110101
00000000101101000000101101000000
00000000100001000010000100001000
00000000100110101001000011100111
00000000101000111101011100001010
00000001000010000100001000010000
00000000101010101010101010101010
00000000100000110001001001101110
00000000101101100000101101100000
00000000101101100000101101100000
00000000110010100100010110000111
00000000100101100100111111011010
00000000110100100000110100100000
00000000110001010110010111001000
00000000100000010000001000000100
00000000100011111011100000100011
00000000100010101101100011110010
00000000100101111011010000100101
00000000100011010011110111001011
00000000101001010111111010110101
00000000110101111001010000110101
00000000101001110010111100000101
00000000111110000011111000001111
00000001001010011110010000010010
00000000101010101010101010101010
00000001011101000101110100010111
00000001000100010001000100010001
00000000100011000000100011000000
00000000100010001000100010001000
00000000100001110110011110101011
00000000101110100010111010001011
00000000101101100000101101100000
00000000100001100100101110001010
00000000111101001000100110001101
00000000101010101010101010101010
00000000100100100100100100100100
00000000111001101100001010110100
00000000100101111011010000100101
00000000100000110001001001101110
00000000101110000001011100000010
00000000101001010111111010110101
00000000100110010001111100011010
00000000100101100100111111011010
00000001010000010100000101000001
00000000101000001010000010100000
00000000100111011000100111011000
00000000111000000111000000111000
00000001000010000100001000010000
00000000100011100111100000110101
00000000110000001100000011000000
00000000100110101001000011100111
00000000110110100111010000001101
00000000100001000010000100001000
00000000110001010110010111001000
00000000101001110010111100000101
00000000100001010011010000001000
00000000100001000010000100001000
00000000110000001100000011000000
00000000100000010000001000000100
00000000110001111100111000001100
00000000110011110110010001110100
00000000111011010111001100000011
00000000100110010001111100011010
00000000101000001010000010100000
00000000101011100100110001000001
00000000100111000000100111000000
00000000100001000010000100001000
00000000101100000010110000001011
00000000101001010111111010110101
00000000110101001100011101111011
00000000101101000000101101000000
00000000101001010111111010110101
00000000100011111011100000100011
00000000100111000000100111000000
00000000100101111011010000100101
00000000110001010110010111001000
00000000101000100011011111000011
00000000100011000000100011000000
00000000101000111101011100001010
00000000100001000010000100001000
00000000110001010110010111001000
00000000100100111001101010000101
00000000100001000010000100001000
00000000110110100111010000001101
00000000100010011010111001000000
00000000111101001000100110001101
00000000110011110110010001110100
00000000101000111101011100001010
00000000101111101000001011111010
00000000101000001010000010100000
00000000101000100011011111000011
00000000101101100000101101100000
00000000100011100111100000110101
00000000111100001111000011110000
00000000101011000111011010010001
00000001000010000100001000010000
00000000110101111001010000110101
00000000101010001110100000111111
00000000100100100100100100100100
00000000101000001010000010100000
00000000100111011000100111011000
00000000100100111001101010000101
00000000110101111001010000110101
00000000101111101000001011111010
00000000110011001100110011001100
00000000100100100100100100100100
00000000101110000001011100000010
00000000110010100100010110000111
00000000100110101001000011100111
00000000100000100000100000100000
00000000110001111100111000001100
00000000101100000010110000001011
00000000100101100100111111011010
00000000110011001100110011001100
00000000100110010001111100011010
00000000100001100100101110001010
00000000101001110010111100000101
00000000101111101000001011111010
00000000100000110001001001101110
00000000101010101010101010101010
00000000100011100111100000110101
00000000110011110110010001110100
00000000100000010000001000000100
00000000101100000010110000001011
00000000101111000101001001100100
00000000110000110000110000110000
00000000111000000111000000111000
00000000100101100100111111011010
00000001000100010001000100010001
00000000111000111000111000111000
00000000100101001111001000001001
00000000101101000000101101000000
00000000101110000001011100000010
00000000100101111011010000100101
00000000101110100010111010001011
00000000100001110110011110101011
00000000110110100111010000001101
00000000110100100000110100100000
00000001010001111010111000010100
00000001011001000010110010000101
00000000100101001111001000001001
00000000111010100000111010100000
00000000101000001010000010100000
00000000101000001010000010100000
00000000100011100111100000110101
00000000101110100010111010001011
00000000110111010110011111001000
00000000101000111101011100001010
00000000110011110110010001110100
00000000101100000010110000001011
00000000101010101010101010101010
00000000101011000111011010010001
00000000110110100111010000001101
00000000101110100010111010001011
00000000100001000010000100001000
00000000100000110001001001101110
00000001000101011011000111100101
00000000100001010011010000001000
00000000110000110000110000110000
00000001000001000001000001000001
00000000100011100111100000110101
00000000101001010111111010110101
00000000111100001111000011110000
00000000101101000000101101000000
00000000101101100000101101100000
00000000111111000000111111000000
00000000100101111011010000100101
00000000101010101010101010101010
00000001000101011011000111100101
00000000101111101000001011111010
00000000111001101100001010110100
00000001000011001001011100010100
00000000101111101000001011111010
00000000100111011000100111011000
00000000100001100100101110001010
00000000100010001000100010001000
00000000100101100100111111011010
00000000110101001100011101111011
00000000100101111011010000100101
00000000100001110110011110101011
00000000110001111100111000001100
00000000101110000001011100000010
00000000101111000101001001100100
00000000100101111011010000100101
00000000100111011000100111011000
00000000100000110001001001101110
00000000100011000000100011000000
00000000101010101010101010101010
