A:
125   -16   -1    13    -6    -6    -7    3     
-8    73    8     12    -14   10    -3    2     
0     15    87    -8    -9    5     16    -2    
-3    5     -6    85    -7    7     3     15    
10    -3    -12   -10   104   14    3     -3    
-1    13    -13   -1    0     72    1     -1    
-11   -11   0     8     13    -10   88    -16   
-16   8     -15   -1    -4    -10   8     70    
A_T:
0.00813   0.0019    -5.54e-06 -0.00151  0.000536  0.000573  0.000728  0.000118  
0.000854  0.0149    -0.00152  -0.00228  0.00166   -0.00184  0.000872  0.000228  
-0.000481 -0.00268  0.0117    0.00187   0.00102   -0.00125  -0.00231  -0.00047  
-0.000157 -0.00033  0.000252  0.0119    0.000702  -0.00167  -0.000246 -0.00258  
-0.000812 0.000228  0.00108   0.00138   0.00986   -0.00231  -0.000612 1.23e-05  
-0.000131 -0.0032   0.00243   0.000927  -7.15e-05 0.014     -0.000749 -6.74e-06 
0.0015    0.00129   0.000457  -0.0015   -0.0011   0.00222   0.0113    0.00279   
0.00142   -0.00243  0.00305   0.000869  0.000841  0.00166   -0.00186  0.0138    
A_T_ans:
0.00813   0.0019    -5.56e-06 -0.00151  0.000536  0.000573  0.000728  0.000118  
0.000854  0.0149    -0.00152  -0.00228  0.00166   -0.00184  0.000872  0.000228  
-0.000481 -0.00268  0.0117    0.00187   0.00102   -0.00125  -0.00231  -0.00047  
-0.000157 -0.00033  0.000252  0.0119    0.000702  -0.00167  -0.000246 -0.00258  
-0.000812 0.000228  0.00108   0.00138   0.00986   -0.00231  -0.000612 1.23e-05  
-0.000132 -0.0032   0.00243   0.000927  -7.15e-05 0.014     -0.000749 -6.79e-06 
0.0015    0.00129   0.000457  -0.0015   -0.0011   0.00222   0.0113    0.00279   
0.00142   -0.00243  0.00305   0.000869  0.000841  0.00166   -0.00186  0.0138    
error:7.329425955049373e-10error_ans2.7982391471076343e-13
A:
106   10    16    6     7     -10   -2    16    
2     85    -12   -2    -7    -9    16    -8    
-11   -8    124   7     7     -2    -9    -9    
7     5     10    117   13    2     -2    7     
-8    14    7     -2    92    5     14    14    
1     6     3     -8    6     72    15    4     
-1    0     15    -13   -15   0     97    1     
7     -6    -15   -12   7     -7    -3    119   
A_T:
0.00938   -0.00129  -0.00147  -0.000483 -0.000568 0.00102   0.000141  -0.0014   
-0.000147 0.0118    0.00145   9.1e-05   0.000283  0.00156   -0.00207  0.000851  
0.000766  0.000786  0.00808   -0.000347 -0.000542 0.000537  0.000643  0.000622  
-0.000676 -0.000317 -0.000653 0.00858   -0.00103  -0.000353 0.000347  -0.000354 
0.000866  -0.00198  -0.00091  -0.000199 0.0107    -0.00104  -0.00118  -0.00153  
-0.00027  -0.000812 -0.000183 0.00069   -0.00129  0.0138    -0.00183  -0.000368 
2.77e-05  -0.000492 -0.00151  0.00116   0.00161   -0.00029  0.0101    -0.000483 
-0.000597 0.000795  0.00112   0.000935  -0.000792 0.000915  0.000219  0.00863   
A_T_ans:
0.00938   -0.00129  -0.00147  -0.000483 -0.000568 0.00102   0.000141  -0.0014   
-0.000147 0.0118    0.00145   9.1e-05   0.000283  0.00156   -0.00207  0.000851  
0.000766  0.000786  0.00808   -0.000347 -0.000542 0.000537  0.000643  0.000622  
-0.000676 -0.000317 -0.000653 0.00858   -0.00103  -0.000353 0.000347  -0.000354 
0.000866  -0.00198  -0.00091  -0.000199 0.0107    -0.00104  -0.00118  -0.00153  
-0.00027  -0.000812 -0.000183 0.00069   -0.00129  0.0138    -0.00183  -0.000368 
2.78e-05  -0.000492 -0.00151  0.00116   0.00161   -0.00029  0.0101    -0.000483 
-0.000597 0.000795  0.00112   0.000936  -0.000792 0.000915  0.000219  0.00863   
error:8.529319472927455e-10error_ans3.1387478586798165e-14
A:
118   -5    -10   -5    11    -12   -6    -10   
-7    97    -15   -9    16    7     -8    16    
6     16    78    4     2     0     3     10    
14    -8    14    75    8     2     3     10    
16    4     -1    6     81    -9    12    16    
-14   5     13    -8    0     98    -11   -8    
-8    -6    1     -13   -2    7     73    -11   
-14   11    1     5     -9    6     4     115   
A_T:
0.00878   0.000352  0.000864  0.000874  -0.00125  0.000795  0.000965  0.000885  
0.000492  0.0105    0.00193   0.00162   -0.00247  -0.00097  0.00138   -0.00132  
-0.000794 -0.00215  0.0125    -0.00104  0.000216  0.000202  -0.00073  -0.00085  
-0.00143  0.00164   -0.00222  0.0137    -0.00156  -0.000628 -0.000181 -0.00119  
-0.00178  -0.000679 -0.00013  -0.00129  0.0126    0.00126   -0.00195  -0.00179  
0.00137   -4.07e-05 -0.00183  0.00149   -0.000125 0.0102    0.00162   0.00103   
0.000708  0.00104   -0.000141 0.00236   -9.05e-05 -0.00107  0.0136    0.00096   
0.000855  -0.0011   -1.25e-06 -0.000893 0.00115   -0.000179 -0.000709 0.00876   
A_T_ans:
0.00878   0.000352  0.000864  0.000874  -0.00125  0.000795  0.000965  0.000885  
0.000492  0.0105    0.00193   0.00162   -0.00247  -0.00097  0.00138   -0.00132  
-0.000794 -0.00215  0.0125    -0.00104  0.000216  0.000202  -0.00073  -0.00085  
-0.00143  0.00164   -0.00222  0.0137    -0.00156  -0.000628 -0.000181 -0.00119  
-0.00178  -0.000679 -0.00013  -0.00129  0.0126    0.00126   -0.00195  -0.00179  
0.00137   -4.07e-05 -0.00183  0.00149   -0.000125 0.0102    0.00162   0.00103   
0.000708  0.00104   -0.000141 0.00236   -9.05e-05 -0.00107  0.0136    0.00096   
0.000855  -0.0011   -1.26e-06 -0.000893 0.00115   -0.000179 -0.000709 0.00876   
error:7.661746792564372e-10error_ans2.843801867136388e-14
A:
68    -5    16    2     -4    -8    -7    -16   
7     79    16    -12   6     10    -11   -12   
-16   -14   105   3     4     -2    -10   -2    
-15   -12   -8    124   -3    8     11    16    
0     -8    16    -14   121   3     9     12    
4     8     -16   -8    -1    124   0     9     
2     14    13    4     -12   10    87    0     
2     -5    8     14    -13   2     15    89    
A_T:
0.0139    0.000485  -0.00246  -0.00026  0.000814  0.000741  0.000437  0.00237   
-0.00151  0.0124    -0.00194  0.000965  -0.000351 -0.00128  0.000902  0.00136   
0.00181   0.00145   0.00882   -0.000238 -0.000102 4.63e-05  0.00125   0.000771  
0.00179   0.00149   0.00019   0.00827   2.83e-05  -0.000478 -0.000536 -0.000916 
-2.47e-05 0.000889  -0.00113  0.00117   0.00808   -0.000279 -0.000799 -0.00118  
5.38e-05  -0.000583 0.00141   0.00053   -1.88e-05 0.0081    0.000191  -0.00095  
-0.000439 -0.0021   -0.00127  -0.000394 0.00117   -0.000767 0.011     -0.0004   
-0.000772 0.000817  -0.000858 -0.000994 0.00095   -0.000111 -0.00197  0.0112    
A_T_ans:
0.0139    0.000485  -0.00246  -0.00026  0.000814  0.000741  0.000437  0.00237   
-0.00151  0.0124    -0.00194  0.000966  -0.000351 -0.00128  0.000902  0.00136   
0.00181   0.00145   0.00882   -0.000238 -0.000102 4.64e-05  0.00125   0.000771  
0.00179   0.00149   0.00019   0.00827   2.83e-05  -0.000478 -0.000536 -0.000916 
-2.48e-05 0.000889  -0.00113  0.00117   0.00808   -0.000279 -0.000799 -0.00118  
5.38e-05  -0.000583 0.00141   0.00053   -1.88e-05 0.0081    0.000191  -0.00095  
-0.000439 -0.0021   -0.00127  -0.000394 0.00117   -0.000767 0.011     -0.0004   
-0.000772 0.000817  -0.000858 -0.000994 0.00095   -0.000111 -0.00197  0.0112    
error:8.483311830786988e-10error_ans1.9665411954474824e-14
A:
73    -6    -12   -5    5     15    -2    1     
7     117   -1    6     11    10    -2    -6    
13    -16   89    -13   -6    -7    10    -2    
-10   -9    -13   88    4     -9    8     16    
13    3     12    -2    114   -13   4     -2    
4     -8    10    3     -16   90    -12   -11   
-15   1     -6    4     4     -16   108   -14   
-9    15    4     -2    15    5     4     111   
A_T:
0.0135    0.00103   0.00236   0.0011    -0.000849 -0.00221  -0.000229 -0.000445 
-0.000614 0.00839   0.000159  -0.000564 -0.000958 -0.00102  7.68e-05  0.000434  
-0.00227  0.00153   0.0109    0.0014    0.000653  0.0011    -0.00103  8.85e-05  
0.000744  0.00144   0.00173   0.0115    -0.000119 0.00093   -0.000808 -0.00157  
-0.00134  -0.000462 -0.00159  -0.000114 0.00896   0.00141   -6.34e-05 0.000268  
-0.000239 0.000277  -0.00154  -0.000644 0.00128   0.0113    0.00135   0.00139   
0.00192   2.17e-05  0.000706  -0.000234 -0.000369 0.00124   0.00935   0.00133   
0.0014    -0.00103  6.74e-05  0.000376  -0.00122  -0.000807 -0.000395 0.00874   
A_T_ans:
0.0135    0.00103   0.00236   0.0011    -0.000849 -0.00221  -0.000229 -0.000445 
-0.000614 0.00839   0.000159  -0.000564 -0.000958 -0.00102  7.68e-05  0.000434  
-0.00227  0.00153   0.0109    0.0014    0.000653  0.0011    -0.00103  8.85e-05  
0.000744  0.00144   0.00173   0.0115    -0.000119 0.00093   -0.000808 -0.00157  
-0.00134  -0.000462 -0.00159  -0.000114 0.00896   0.00141   -6.34e-05 0.000268  
-0.000239 0.000277  -0.00154  -0.000644 0.00128   0.0113    0.00135   0.00139   
0.00192   2.18e-05  0.000706  -0.000234 -0.000369 0.00124   0.00935   0.00133   
0.0014    -0.00103  6.74e-05  0.000376  -0.00122  -0.000807 -0.000395 0.00874   
error:7.212612729290413e-10error_ans7.793861985366204e-14
A:
89    -11   14    10    11    13    -2    14    
10    77    16    1     13    0     -14   -1    
1     -13   84    10    9     3     3     -3    
-13   5     1     102   14    -15   -12   6     
12    -6    -1    2     63    -3    -11   5     
-2    -15   12    15    -9    98    -4    -6    
-13   -1    6     -8    6     12    120   10    
-8    -14   0     10    2     13    -9    96    
A_T:
0.0112    0.000626  -0.0018   -0.000539 -0.00183  -0.00134  -8.42e-05 -0.00162  
-0.0008   0.0123    -0.00233  0.000324  -0.00227  -2.08e-05 0.00132   0.000132  
-0.000263 0.00185   0.0117    -0.0011   -0.00183  -0.000584 -0.000334 0.000586  
0.00183   -0.00053  -0.00057  0.00968   -0.00215  0.0012    0.000735  -0.000785 
-0.0021   0.00101   0.000147  -4.81e-05 0.016     0.000653  0.00151   -0.000626 
-0.000228 0.00193   -0.00177  -0.00132  0.00153   0.00998   0.000648  0.000557  
0.0014    -0.000333 -0.000646 0.000842  -0.00115  -0.000925 0.0082    -0.00113  
0.000828  0.00159   -0.000255 -0.000747 -0.000908 -0.00169  0.000757  0.0102    
A_T_ans:
0.0112    0.000626  -0.0018   -0.000539 -0.00183  -0.00134  -8.43e-05 -0.00162  
-0.0008   0.0123    -0.00233  0.000324  -0.00227  -2.08e-05 0.00132   0.000132  
-0.000263 0.00185   0.0117    -0.0011   -0.00183  -0.000584 -0.000334 0.000586  
0.00183   -0.00053  -0.000571 0.00968   -0.00215  0.0012    0.000735  -0.000785 
-0.0021   0.00101   0.000147  -4.81e-05 0.016     0.000653  0.00151   -0.000626 
-0.000228 0.00193   -0.00177  -0.00132  0.00153   0.00998   0.000648  0.000557  
0.0014    -0.000333 -0.000646 0.000842  -0.00115  -0.000925 0.0082    -0.00113  
0.000828  0.00159   -0.000255 -0.000747 -0.000908 -0.00169  0.000757  0.0102    
error:5.922089485466131e-10error_ans2.1079663760443915e-14
A:
114   -7    -4    -8    -16   10    14    -2    
-2    117   14    -12   -10   11    -4    -8    
-10   13    85    -6    -14   15    -6    3     
0     2     -3    114   11    14    13    15    
-5    5     13    -10   85    6     -2    14    
-5    -10   7     10    -13   97    -15   12    
-8    -15   3     13    -12   0     82    -15   
-12   -12   8     -16   1     -8    -7    104   
A_T:
0.00865   3.84e-05  0.000451  0.00101   0.00114   -0.0012   -0.00182  -0.000266 
7.37e-05  0.00866   -0.00145  0.00104   0.00052   -0.000899 3.74e-05  0.000598  
0.000966  -0.00157  0.0121    0.000767  0.0016    -0.00204  0.000141  -0.000521 
-0.000302 -0.000656 0.000918  0.00873   -0.00153  -0.0013   -0.00168  -0.00123  
0.000149  -0.000584 -0.00138  0.000731  0.0113    -0.000669 -0.000254 -0.00159  
0.000478  0.00114   -0.00133  -0.000987 0.00198   0.0103    0.00188   -0.000904 
0.00107   0.00189   -0.00121  -0.000762 0.00204   -5.42e-06 0.0123    0.00182   
0.000994  0.00124   -0.00107  0.00139   1.39e-05  0.000511  0.000504  0.00957   
A_T_ans:
0.00865   3.84e-05  0.000451  0.00101   0.00114   -0.0012   -0.00182  -0.000266 
7.38e-05  0.00866   -0.00145  0.00104   0.00052   -0.000899 3.75e-05  0.000598  
0.000966  -0.00157  0.0121    0.000767  0.0016    -0.00204  0.000141  -0.000521 
-0.000302 -0.000656 0.000918  0.00873   -0.00153  -0.0013   -0.00168  -0.00123  
0.000149  -0.000584 -0.00138  0.000731  0.0113    -0.000669 -0.000254 -0.00159  
0.000478  0.00114   -0.00133  -0.000987 0.00198   0.0103    0.00188   -0.000904 
0.00107   0.00189   -0.00121  -0.000762 0.00204   -5.43e-06 0.0123    0.00182   
0.000994  0.00124   -0.00107  0.00139   1.4e-05   0.000511  0.000504  0.00957   
error:8.119691585761757e-10error_ans4.0646793905393204e-14
A:
92    -1    9     -9    -15   -1    11    1     
-3    80    12    2     2     6     11    5     
8     4     85    -10   6     12    -9    5     
14    5     6     123   -7    -11   -12   10    
10    6     -2    -12   88    14    -8    6     
-6    8     9     -2    0     123   -2    -15   
-3    10    5     -10   3     -10   73    -11   
13    15    -11   -9    12    -7    7     80    
A_T:
0.0107    0.000279  -0.00115  0.000729  0.00207   -0.00013  -0.0014   -0.000542 
0.000696  0.0132    -0.00182  -0.000582 0.000128  -0.000779 -0.00231  -0.00112  
-0.000992 -0.000611 0.0118    0.000895  -0.00086  -0.000841 0.00178   -0.000645 
-0.00108  -0.000723 -0.000612 0.00817   0.000545  0.000859  0.00168   -0.000574 
-0.00134  -0.000908 0.000348  0.00111   0.0113    -0.00108  0.00186   -0.000881 
0.000299  -0.00115  -0.000571 0.000256  -9.71e-05 0.00839   0.000158  0.00167   
7.24e-05  -0.00234  -0.000476 0.00127   -0.000587 0.00161   0.014     0.00228   
-0.0019   -0.00245  0.00202   0.000777  -0.00207  0.000904  -0.00039  0.0127    
A_T_ans:
0.0107    0.000279  -0.00115  0.000729  0.00207   -0.00013  -0.0014   -0.000542 
0.000696  0.0132    -0.00182  -0.000582 0.000128  -0.000779 -0.00231  -0.00112  
-0.000992 -0.000611 0.0118    0.000895  -0.00086  -0.000841 0.00178   -0.000645 
-0.00108  -0.000723 -0.000612 0.00817   0.000545  0.000859  0.00168   -0.000574 
-0.00134  -0.000908 0.000348  0.00111   0.0113    -0.00108  0.00186   -0.000881 
0.000299  -0.00115  -0.000571 0.000256  -9.71e-05 0.00839   0.000158  0.00167   
7.25e-05  -0.00234  -0.000476 0.00127   -0.000587 0.00161   0.014     0.00228   
-0.0019   -0.00245  0.00202   0.000777  -0.00207  0.000904  -0.00039  0.0127    
error:6.984848255342513e-10error_ans1.770668743237873e-13
A:
110   10    -16   4     7     4     5     -6    
-13   63    0     5     6     -1    10    -13   
-5    -6    124   -3    -8    13    7     -3    
14    -12   2     113   2     15    10    -7    
-14   -5    -6    -1    123   -13   -8    -4    
-9    15    -6    -8    2     64    0     -14   
-6    -9    -8    2     8     5     72    -16   
14    -6    0     -13   9     -11   16    115   
A_T:
0.00887   -0.00128  0.00106   -0.000256 -0.000331 -0.000726 -0.000576 0.00015   
0.00148   0.0151    2.32e-05  -0.000478 -0.000762 0.000544  -0.00255  0.00144   
0.000361  0.000987  0.00801   7.99e-05  0.000529  -0.00146  -0.000906 5.83e-05  
-0.00116  0.00202   -0.000471 0.00872   -0.000104 -0.00171  -0.00144  0.000275  
0.00112   0.000345  0.000632  0.000201  0.00798   0.00145   0.000526  0.000654  
0.000481  -0.00328  0.000756  0.00142   -0.000192 0.0153    -0.000223 0.00159   
0.000559  0.00215   0.000811  -0.000182 -0.00105  -0.00102  0.013     0.00192   
-0.00125  0.000534  -0.000271 0.00114   -0.000508 0.00142   -0.00209  0.00862   
A_T_ans:
0.00887   -0.00128  0.00106   -0.000256 -0.000331 -0.000726 -0.000576 0.00015   
0.00148   0.0151    2.33e-05  -0.000478 -0.000762 0.000544  -0.00255  0.00144   
0.000361  0.000987  0.00801   7.99e-05  0.000529  -0.00146  -0.000906 5.83e-05  
-0.00116  0.00202   -0.000471 0.00872   -0.000104 -0.00171  -0.00144  0.000275  
0.00112   0.000345  0.000632  0.000201  0.00798   0.00145   0.000526  0.000654  
0.000481  -0.00328  0.000756  0.00142   -0.000192 0.0153    -0.000223 0.00159   
0.000559  0.00215   0.000811  -0.000182 -0.00105  -0.00102  0.013     0.00192   
-0.00125  0.000534  -0.000271 0.00114   -0.000508 0.00142   -0.00209  0.00862   
error:7.725624584509205e-10error_ans9.031375175046254e-15
A:
76    -4    -6    -6    5     3     -4    9     
3     74    3     15    11    13    3     -8    
7     15    114   10    6     -9    -6    -13   
-13   7     -2    68    15    -4    -6    5     
-4    -3    4     -10   83    -16   8     15    
3     -14   -12   7     -2    82    -16   4     
-10   15    15    -4    -1    4     77    2     
-9    9     9     6     1     15    13    100   
A_T:
0.0132    0.000272  0.000643  0.00105   -0.00106  -0.000481 0.000985  -0.000981 
-0.000978 0.0134    -0.000623 -0.00308  -0.00122  -0.00276  -0.00157  0.00156   
-0.000754 -0.00178  0.00869   -0.00113  -0.000125 0.000956  0.00065   0.00108   
0.0026    -0.00167  0.000394  0.015     -0.00263  0.000472  0.00189   -0.000728 
0.000447  0.00112   5.78e-05  0.00139   0.0117    0.00252   -0.000285 -0.00186  
-0.000591 0.00177   0.000849  -0.00159  0.000345  0.0119    0.00232   -0.000191 
0.0022    -0.00238  -0.0015   0.00185   0.000123  -0.00023  0.0133    -0.000951 
0.00099   -0.000892 -0.000626 -0.000441 -7.75e-07 -0.0017   -0.00202  0.00989   
A_T_ans:
0.0132    0.000272  0.000643  0.00105   -0.00106  -0.000481 0.000985  -0.000981 
-0.000978 0.0134    -0.000623 -0.00308  -0.00122  -0.00276  -0.00157  0.00156   
-0.000754 -0.00178  0.00869   -0.00113  -0.000125 0.000956  0.00065   0.00108   
0.0026    -0.00167  0.000394  0.015     -0.00263  0.000472  0.00189   -0.000728 
0.000447  0.00112   5.78e-05  0.00139   0.0117    0.00252   -0.000285 -0.00186  
-0.000591 0.00177   0.000849  -0.00159  0.000345  0.0119    0.00232   -0.000191 
0.0022    -0.00238  -0.0015   0.00185   0.000123  -0.00023  0.0133    -0.000951 
0.00099   -0.000892 -0.000626 -0.000441 -8.19e-07 -0.0017   -0.00202  0.00989   
error:6.40007158381195e-10error_ans2.0840600924196846e-11
A:
109   -16   0     -15   -15   16    13    13    
5     123   -5    -2    -6    -12   -7    -8    
-9    -4    124   2     14    12    -9    16    
-4    15    9     70    -7    12    15    -2    
-4    13    3     -1    127   -4    2     11    
12    -6    6     -4    15    67    9     9     
-15   12    2     1     -13   -2    79    9     
2     3     15    4     8     -10   6     92    
A_T:
0.00937   0.000872  0.000126  0.00198   0.00146   -0.00257  -0.00149  -0.001    
-0.000453 0.00805   0.00016   0.000184  0.000155  0.00159   0.000547  0.000512  
0.00105   0.000283  0.00834   -5.03e-05 -0.000352 -0.00189  0.00115   -0.00146  
0.000442  -0.00168  -0.00103  0.0142    0.000856  -0.00269  -0.00281  0.000716  
0.000292  -0.000771 -0.000116 0.000224  0.00792   8.6e-05   -0.000306 -0.00101  
-0.00201  0.00077   -0.000596 0.000512  -0.00202  0.0153    -0.00141  -0.000652 
0.0019    -0.00115  -7.62e-05 0.000292  0.00162   -0.000486 0.0123    -0.0017   
-0.000747 -2.91e-05 -0.00137  -0.000642 -0.00103  0.00212   -0.00098  0.0112    
A_T_ans:
0.00937   0.000872  0.000126  0.00198   0.00146   -0.00257  -0.00149  -0.001    
-0.000453 0.00805   0.00016   0.000184  0.000155  0.00159   0.000547  0.000513  
0.00105   0.000283  0.00834   -5.04e-05 -0.000352 -0.00189  0.00115   -0.00146  
0.000442  -0.00168  -0.00103  0.0142    0.000856  -0.00269  -0.00281  0.000716  
0.000292  -0.000772 -0.000116 0.000224  0.00792   8.6e-05   -0.000306 -0.00101  
-0.00201  0.00077   -0.000596 0.000512  -0.00202  0.0153    -0.00141  -0.000652 
0.0019    -0.00115  -7.63e-05 0.000292  0.00162   -0.000486 0.0123    -0.0017   
-0.000747 -2.91e-05 -0.00137  -0.000642 -0.00103  0.00212   -0.00098  0.0112    
error:8.615472779638367e-10error_ans1.6780404769881277e-14
A:
121   -7    -14   -7    -16   -11   -7    -10   
0     90    15    -16   13    -11   -8    13    
6     -11   87    16    -13   -13   -4    -3    
-6    -4    16    127   -2    9     -6    14    
11    -14   10    5     118   7     -4    -6    
1     4     8     -6    -10   79    -15   1     
-2    -9    -10   -16   -10   -14   106   12    
15    -7    16    -3    10    -3    15    76    
A_T:
0.00806   0.001     0.000701  0.000619  0.00119   0.00137   0.000802  0.000752  
0.000557  0.0108    -0.00152  0.0018    -0.000809 0.00135   0.00141   -0.00247  
-0.000744 0.00142   0.011     -0.00111  0.00116   0.00207   0.000714  0.00025   
0.000643  0.000291  -0.00101  0.00806   0.000182  -0.000927 0.000578  -0.00155  
-0.000705 0.00112   -0.00118  -7.89e-05 0.00804   -0.000805 0.000135  0.000307  
-2.02e-05 -0.00032  -0.00109  0.000865  0.00119   0.0125    0.00188   -0.000517 
0.000307  0.00116   0.000823  0.00134   0.00121   0.00182   0.0102    -0.00192  
-0.00133  0.00012   -0.00269  0.000374  -0.0018   -0.000377 -0.00212  0.013     
A_T_ans:
0.00806   0.001     0.000701  0.000619  0.00119   0.00137   0.000802  0.000752  
0.000557  0.0108    -0.00152  0.0018    -0.000809 0.00136   0.00141   -0.00247  
-0.000744 0.00142   0.011     -0.00111  0.00116   0.00207   0.000714  0.00025   
0.000643  0.000291  -0.00101  0.00806   0.000182  -0.000927 0.000578  -0.00155  
-0.000705 0.00112   -0.00118  -7.89e-05 0.00804   -0.000805 0.000135  0.000307  
-2.02e-05 -0.00032  -0.00109  0.000865  0.00119   0.0125    0.00188   -0.000517 
0.000307  0.00116   0.000823  0.00134   0.00121   0.00182   0.0102    -0.00192  
-0.00133  0.00012   -0.00269  0.000374  -0.0018   -0.000377 -0.00212  0.013     
error:7.134453028356802e-10error_ans4.464839871436659e-14
A:
124   -3    -11   -11   -3    2     7     6     
-3    108   4     -10   5     -8    10    9     
13    -3    85    -8    3     15    2     -7    
10    4     -13   113   14    15    -15   -16   
-2    9     6     0     120   -3    -2    -8    
-15   7     11    -11   -14   123   -13   14    
-10   -15   -13   3     4     3     111   8     
-3    -3    -2    5     -5    -9    -11   119   
A_T:
0.0078    0.000167  0.0011    0.000837  3.13e-05  -0.000351 -0.00047  -0.000154 
0.000174  0.0091    -0.00043  0.000888  -0.000413 0.000494  -0.000717 -0.000641 
-0.00145  0.000408  0.0119    0.00056   -0.000534 -0.0014   -0.000163 0.000955  
-0.000912 7.43e-05  0.00165   0.00868   -0.00121  -0.0012   0.00116   0.00129   
0.000247  -0.000672 -0.000523 -7.69e-05 0.00843   0.000262  0.000278  0.000515  
0.00103   -0.000499 -0.000688 0.0008    0.000834  0.008     0.000963  -0.000897 
0.000519  0.00131   0.00141   2.57e-05  -0.000439 -0.000366 0.00873   -0.000612 
0.000352  0.000292  0.000203  -0.000252 0.000409  0.000613  0.00081   0.00824   
A_T_ans:
0.0078    0.000167  0.0011    0.000837  3.13e-05  -0.000351 -0.00047  -0.000154 
0.000174  0.0091    -0.00043  0.000888  -0.000413 0.000494  -0.000717 -0.000641 
-0.00145  0.000408  0.0119    0.00056   -0.000534 -0.0014   -0.000163 0.000955  
-0.000912 7.43e-05  0.00165   0.00868   -0.00121  -0.0012   0.00116   0.00129   
0.000247  -0.000672 -0.000523 -7.7e-05  0.00843   0.000262  0.000278  0.000515  
0.00103   -0.000499 -0.000688 0.0008    0.000834  0.008     0.000963  -0.000897 
0.000519  0.00131   0.00141   2.57e-05  -0.000439 -0.000367 0.00873   -0.000612 
0.000352  0.000292  0.000203  -0.000252 0.000409  0.000613  0.00081   0.00824   
error:1.3105143636948924e-09error_ans3.406555092775368e-14
A:
103   -5    3     12    9     -15   -14   2     
8     97    0     13    8     -9    2     -7    
5     3     111   15    -9    -1    15    5     
8     -14   11    106   11    -1    -15   -3    
-1    -1    -9    4     68    -2    -4    -15   
7     -1    -12   0     10    102   -8    -14   
11    0     4     4     -14   -13   115   6     
10    1     6     -4    -10   -3    -11   96    
A_T:
0.00957   0.000341  -0.000104 -0.00111  -0.00118  0.00153   0.00107   -0.000232 
-0.000793 0.0101    0.000104  -0.00109  -0.000969 0.000722  -0.000345 0.000689  
-0.000121 -0.000459 0.00928   -0.00125  0.00119   -0.00014  -0.00138  -0.000301 
-0.000971 0.00135   -0.00107  0.00955   -0.00146  0.000192  0.00122   0.000195  
-0.00017  -3.58e-06 0.00122   -0.000664 0.0154    0.000418  0.000523  0.00235   
-0.000897 8.52e-06  0.000918  3.06e-05  -0.000912 0.00977   0.00054   0.00122   
-0.000938 -5.97e-05 2.98e-07  -0.000286 0.0018    0.000991  0.00867   -0.00011  
-0.00117  -6.29e-05 -0.00046  0.000502  0.00178   0.000312  0.00109   0.0107    
A_T_ans:
0.00957   0.000341  -0.000104 -0.00111  -0.00118  0.00153   0.00107   -0.000232 
-0.000793 0.0101    0.000104  -0.00109  -0.000969 0.000722  -0.000345 0.000689  
-0.000121 -0.00046  0.00928   -0.00125  0.00119   -0.000141 -0.00138  -0.000301 
-0.000971 0.00135   -0.00107  0.00955   -0.00146  0.000192  0.00122   0.000195  
-0.00017  -3.6e-06  0.00122   -0.000664 0.0154    0.000418  0.000523  0.00235   
-0.000897 8.55e-06  0.000918  3.07e-05  -0.000912 0.00977   0.00054   0.00122   
-0.000938 -5.97e-05 3.11e-07  -0.000286 0.0018    0.000991  0.00867   -0.00011  
-0.00117  -6.29e-05 -0.00046  0.000502  0.00178   0.000312  0.00109   0.0107    
error:6.745679570485663e-10error_ans3.787023106748616e-14
A:
87    9     -10   9     -15   2     9     -14   
-12   103   -11   9     0     7     1     8     
15    -16   108   -10   10    -9    14    5     
-6    16    -5    119   12    1     -2    -15   
10    -6    -11   1     107   -16   -4    13    
5     16    -11   15    -6    85    4     1     
-11   -3    -1    14    -13   15    119   -13   
-4    5     11    -15   15    3     12    117   
A_T:
0.0109    -0.000782 0.000957  -0.00049  0.00125   0.000293  -0.00101  0.00101   
0.0011    0.01      0.00112   -0.000738 0.000174  -0.00063  -0.00021  -0.000735 
-0.00145  0.00125   0.00931   0.000743  -0.00115  0.000887  -0.000996 -0.000552 
0.000588  -0.0015   2.32e-05  0.0087    -0.00111  -0.000239 -5.95e-05 0.00141   
-0.00135  0.000697  0.00122   -0.000371 0.00942   0.00187   0.000335  -0.00133  
-0.00129  -0.00138  0.00103   -0.00127  0.000572  0.0122    -0.000376 -0.000477 
0.00104   0.000522  7.76e-05  -0.000827 0.00105   -0.00134  0.0083    0.000796  
0.000638  -0.000873 -0.00108  0.00122   -0.00133  -0.000492 -0.000824 0.00895   
A_T_ans:
0.0109    -0.000782 0.000957  -0.00049  0.00125   0.000293  -0.00101  0.00101   
0.0011    0.01      0.00112   -0.000738 0.000174  -0.00063  -0.00021  -0.000735 
-0.00145  0.00125   0.00931   0.000743  -0.00115  0.000887  -0.000996 -0.000552 
0.000588  -0.0015   2.33e-05  0.0087    -0.00111  -0.000239 -5.96e-05 0.00141   
-0.00135  0.000697  0.00122   -0.000371 0.00942   0.00187   0.000335  -0.00133  
-0.00129  -0.00138  0.00103   -0.00127  0.000572  0.0122    -0.000377 -0.000477 
0.00104   0.000522  7.77e-05  -0.000827 0.00105   -0.00134  0.0083    0.000796  
0.000638  -0.000873 -0.00108  0.00123   -0.00133  -0.000492 -0.000824 0.00895   
error:9.725447114306007e-10error_ans3.444102559687984e-14
A:
111   -7    12    9     5     8     11    14    
-3    73    10    16    7     7     3     -9    
-7    10    94    -6    -9    10    -13   -7    
13    -8    10    94    -15   -5    8     8     
-13   0     3     -14   111   -1    15    -2    
-12   -4    15    1     13    102   -12   -13   
6     11    -12   -12   -14   -6    107   -11   
-2    -1    4     14    14    8     7     87    
A_T:
0.00898   0.00097   -0.00106  -0.00105  -0.000534 -0.000654 -0.000898 -0.00156  
0.000387  0.0136    -0.00106  -0.00285  -0.00142  -0.00113  -0.000348 0.00127   
0.000518  -0.00149  0.0108    0.00113   0.00125   -0.00092  0.000904  0.000535  
-0.00104  0.00141   -0.00137  0.0106    0.00118   0.000654  -0.000931 -0.000762 
0.000972  0.000521  -0.000745 0.00093   0.00884   2.34e-05  -0.0015   -0.00023  
0.000853  0.000624  -0.00154  -0.000699 -0.00149  0.00974   0.000969  0.00141   
-0.000411 -0.00136  0.00103   0.00154   0.00135   0.000566  0.00924   0.00115   
0.000153  -1.25e-05 -0.000134 -0.00202  -0.00167  -0.00104  -0.000508 0.0114    
A_T_ans:
0.00898   0.00097   -0.00106  -0.00105  -0.000534 -0.000654 -0.000898 -0.00156  
0.000387  0.0136    -0.00106  -0.00285  -0.00142  -0.00113  -0.000348 0.00127   
0.000518  -0.00149  0.0108    0.00113   0.00125   -0.00092  0.000904  0.000535  
-0.00104  0.00141   -0.00137  0.0106    0.00118   0.000654  -0.000931 -0.000762 
0.000972  0.000521  -0.000745 0.00093   0.00884   2.34e-05  -0.0015   -0.000231 
0.000853  0.000624  -0.00154  -0.000699 -0.00149  0.00974   0.000969  0.00141   
-0.000411 -0.00136  0.00103   0.00154   0.00135   0.000566  0.00924   0.00115   
0.000153  -1.25e-05 -0.000134 -0.00202  -0.00167  -0.00104  -0.000508 0.0114    
error:7.4341954814372e-10error_ans1.9735379254234602e-14
A:
80    -8    1     5     -9    6     14    5     
1     117   3     -10   -4    -15   2     14    
-15   10    119   -10   16    -1    10    -15   
-1    11    -3    101   13    -15   -13   -3    
2     -7    -3    -7    106   12    16    6     
-6    -13   -11   15    9     96    0     -11   
8     -1    -7    16    -8    -10   98    1     
-4    16    10    -16   6     12    8     113   
A_T:
0.0125    0.000956  -0.00023  -0.000164 0.00113   -0.000896 -0.00192  -0.000837 
-3e-05    0.0088    1.36e-05  0.000519  0.000181  0.00155   -6.13e-05 -0.000932 
0.00174   -0.000936 0.00824   0.000883  -0.00136  -0.0001   -0.00083  0.00123   
0.000246  -0.000878 0.000396  0.0094    -0.00129  0.00155   0.00135   0.000607  
-0.000172 0.000399  0.000128  0.000976  0.00931   -0.001    -0.00134  -0.000579 
0.000987  0.00108   0.000764  -0.00124  -0.000791 0.0103    -0.000353 0.000937  
-0.000853 0.000246  0.000639  -0.00151  0.000707  0.000808  0.00994   5.07e-06  
0.000292  -0.00141  -0.000816 0.00136   -0.000508 -0.00112  -0.000389 0.00886   
A_T_ans:
0.0125    0.000956  -0.00023  -0.000164 0.00113   -0.000896 -0.00192  -0.000837 
-3e-05    0.0088    1.36e-05  0.000519  0.000181  0.00155   -6.13e-05 -0.000932 
0.00174   -0.000936 0.00824   0.000883  -0.00136  -0.0001   -0.00083  0.00123   
0.000246  -0.000878 0.000396  0.0094    -0.00129  0.00155   0.00135   0.000607  
-0.000172 0.000399  0.000128  0.000976  0.00931   -0.001    -0.00134  -0.000579 
0.000987  0.00108   0.000764  -0.00124  -0.000791 0.0103    -0.000353 0.000937  
-0.000853 0.000246  0.00064   -0.00151  0.000707  0.000808  0.00994   5.1e-06   
0.000292  -0.00141  -0.000816 0.00136   -0.000508 -0.00112  -0.000389 0.00886   
error:8.062421841259493e-10error_ans2.2954699466491617e-14
A:
83    -1    -4    16    -3    -7    7     12    
-11   125   -12   13    -9    -8    10    -16   
8     15    109   8     -11   16    4     8     
10    -7    6     103   10    -16   9     16    
-12   -6    -9    8     100   5     12    12    
-4    -8    -16   13    6     114   -15   9     
-13   -15   -1    -14   1     10    82    2     
10    -10   0     10    14    10    15    105   
A_T:
0.0124    -0.000206 0.000677  -0.00204  0.000791  0.000501  -0.000627 -0.00131  
0.000924  0.00779   0.00107   -0.00158  0.000843  0.000201  -0.00121  0.00115   
-0.000884 -0.00124  0.0089    -0.000298 0.00106   -0.00138  -0.000451 -0.000715 
-0.00104  0.000494  -0.000369 0.00978   -0.000916 0.00158   -0.000368 -0.00129  
0.00147   4.57e-05  0.000911  -0.00114  0.0105    -0.000424 -0.00144  -0.00119  
0.000784  0.000453  0.00138   -0.00106  -0.000101 0.00843   0.00161   -0.000707 
0.00187   0.00139   0.000174  0.00122   5.26e-05  -0.000634 0.0117    -0.000374 
-0.00153  0.000466  -0.000206 -0.000809 -0.0013   -0.000836 -0.00165  0.0102    
A_T_ans:
0.0124    -0.000206 0.000678  -0.00204  0.000791  0.000501  -0.000627 -0.00131  
0.000924  0.00779   0.00107   -0.00158  0.000843  0.000201  -0.00121  0.00115   
-0.000884 -0.00124  0.0089    -0.000298 0.00106   -0.00138  -0.000451 -0.000715 
-0.00104  0.000494  -0.000369 0.00978   -0.000916 0.00158   -0.000368 -0.00129  
0.00147   4.57e-05  0.000911  -0.00114  0.0105    -0.000424 -0.00144  -0.00119  
0.000784  0.000453  0.00138   -0.00106  -0.000101 0.00843   0.00161   -0.000707 
0.00187   0.00139   0.000174  0.00122   5.26e-05  -0.000634 0.0117    -0.000374 
-0.00153  0.000466  -0.000206 -0.000809 -0.0013   -0.000836 -0.00165  0.0102    
error:9.296527991864423e-10error_ans7.238891688663017e-13
A:
111   14    -10   2     -9    15    15    15    
-1    71    -8    0     -2    -10   16    -1    
12    -12   102   -1    0     6     -15   6     
-4    -11   10    90    -12   7     2     6     
-4    12    -4    -4    127   -9    5     12    
12    0     -12   10    3     87    4     13    
15    8     7     7     9     -9    81    10    
1     10    5     -15   -6    -5    -12   74    
A_T:
0.00936   -0.00147  0.000781  -8.81e-05 0.000711  -0.002    -0.00147  -0.00154  
0.000214  0.0145    0.0015    0.000114  0.000421  0.00129   -0.00271  9.38e-05  
-0.00124  0.00182   0.00973   -9.32e-05 -0.000209 -0.000135 0.0016    -0.000663 
0.000787  0.00147   -0.00084  0.0112    0.00118   -0.000841 -0.00103  -0.000882 
0.00026   -0.00104  0.0004    9.86e-05  0.00784   0.000481  -0.000485 -0.0014   
-0.00143  0.000662  0.00151   -0.00151  -0.000562 0.0117    -0.000328 -0.00161  
-0.00187  -0.00102  -0.00081  -0.00137  -0.00126  0.00147   0.0126    -0.00122  
-0.000291 -0.00197  -0.00104  0.00194   0.000581  0.000757  0.00205   0.013     
A_T_ans:
0.00936   -0.00147  0.000781  -8.81e-05 0.000711  -0.002    -0.00147  -0.00154  
0.000214  0.0145    0.0015    0.000114  0.000421  0.00129   -0.00271  9.38e-05  
-0.00124  0.00182   0.00973   -9.33e-05 -0.000209 -0.000135 0.0016    -0.000663 
0.000787  0.00147   -0.00084  0.0112    0.00119   -0.000841 -0.00103  -0.000882 
0.00026   -0.00104  0.0004    9.86e-05  0.00784   0.000481  -0.000485 -0.0014   
-0.00143  0.000662  0.00151   -0.00151  -0.000562 0.0117    -0.000328 -0.00161  
-0.00187  -0.00102  -0.00081  -0.00137  -0.00126  0.00147   0.0126    -0.00122  
-0.000291 -0.00197  -0.00104  0.00194   0.000581  0.000757  0.00205   0.013     
error:8.345075741544861e-10error_ans2.2988891790691554e-14
A:
108   14    -11   -15   -8    -16   15    13    
14    92    -1    -13   1     6     5     5     
-12   16    103   -6    -4    -12   7     -9    
-12   -10   -10   91    10    4     8     11    
-3    10    7     10    89    10    14    14    
13    -5    -12   2     2     79    -13   -9    
6     15    16    13    3     13    119   -5    
7     -16   -9    -11   9     -12   -8    120   
A_T:
0.00967   -0.00152  0.00146   0.00139   0.000891  0.00217   -0.00127  -0.000997 
-0.00108  0.0112    6.86e-05  0.00149   -0.000288 -0.00109  -0.000558 -0.00055  
0.00117   -0.00161  0.0102    0.000711  0.000402  0.00202   -0.000508 0.000726  
0.00143   0.00088   0.00142   0.0116    -0.000973 -1.72e-05 -0.00104  -0.00108  
0.000585  -0.00143  -0.000927 -0.00139  0.0116    -0.0013   -0.00148  -0.00146  
-0.0017   0.000717  0.00113   -0.000393 -0.000537 0.0124    0.00166   0.00134   
-0.000525 -0.00118  -0.00168  -0.00149  -0.000237 -0.00152  0.00861   0.000389  
-0.000738 0.00164   0.000893  0.0012    -0.00109  0.00112   0.000717  0.00854   
A_T_ans:
0.00967   -0.00152  0.00146   0.00139   0.000891  0.00217   -0.00127  -0.000997 
-0.00108  0.0112    6.86e-05  0.00149   -0.000288 -0.00109  -0.000558 -0.00055  
0.00117   -0.00161  0.0102    0.000711  0.000402  0.00202   -0.000508 0.000726  
0.00143   0.00088   0.00142   0.0116    -0.000973 -1.73e-05 -0.00104  -0.00108  
0.000585  -0.00143  -0.000927 -0.00139  0.0116    -0.0013   -0.00148  -0.00146  
-0.0017   0.000717  0.00113   -0.000393 -0.000537 0.0124    0.00166   0.00134   
-0.000525 -0.00118  -0.00168  -0.00149  -0.000237 -0.00152  0.00861   0.000389  
-0.000739 0.00164   0.000893  0.0012    -0.00109  0.00112   0.000717  0.00854   
error:6.713634093102883e-10error_ans4.680297615137198e-14
A:
127   12    -2    -10   7     16    -2    -1    
-14   86    14    -16   4     -3    11    16    
-6    3     105   -11   -7    -2    -9    5     
-15   1     10    126   9     3     -15   -7    
-3    -6    -11   3     60    -1    -1    4     
3     5     -3    12    10    73    -11   -3    
-6    10    -6    -15   -9    -10   91    4     
-8    8     9     15    9     -8    10    101   
A_T:
0.00789   -0.0011   0.000102  0.000668  -0.000655 -0.00175  0.000179  0.00026   
0.00121   0.0117    -0.00176  0.00153   -0.00126  -0.000245 -0.00118  -0.00156  
0.000581  -0.000474 0.00974   0.00099   0.00117   0.000225  0.00128   -0.000423 
0.000934  -0.000461 -0.000813 0.00801   -0.00124  -0.000356 0.00119   0.000669  
0.000563  0.00107   0.00174   7.05e-05  0.0169    0.000146  0.000371  -0.000925 
-0.00052  -0.0011   0.000526  -0.0013   -0.00179  0.0141    0.00159   0.00048   
0.000569  -0.00144  0.000973  0.00119   0.00152   0.00139   0.0117    -0.000213 
0.000191  -0.000945 -0.000809 -0.00157  -0.00167  0.000878  -0.00125  0.0101    
A_T_ans:
0.00789   -0.0011   0.000103  0.000668  -0.000655 -0.00175  0.000179  0.00026   
0.00121   0.0117    -0.00176  0.00153   -0.00126  -0.000245 -0.00118  -0.00156  
0.000581  -0.000474 0.00974   0.00099   0.00117   0.000225  0.00128   -0.000423 
0.000934  -0.000461 -0.000813 0.00801   -0.00124  -0.000356 0.00119   0.000669  
0.000563  0.00107   0.00174   7.06e-05  0.0169    0.000146  0.000371  -0.000925 
-0.00052  -0.0011   0.000526  -0.0013   -0.00179  0.0141    0.00159   0.00048   
0.000569  -0.00144  0.000973  0.00119   0.00152   0.00139   0.0117    -0.000213 
0.000191  -0.000945 -0.00081  -0.00157  -0.00167  0.000878  -0.00125  0.0101    
error:8.408171936480358e-10error_ans1.3143941352800456e-14
A:
106   9     12    -8    15    -8    2     11    
6     112   -7    -9    -16   13    14    4     
1     0     61    2     4     9     8     -14   
1     3     -8    124   6     16    13    -7    
-13   -10   -6    9     118   14    15    16    
-13   -13   15    -1    1     88    10    -11   
-12   13    3     -9    -4    -13   105   2     
13    8     -10   0     -6    0     10    108   
A_T:
0.00962   -0.00071  -0.00249  0.000728  -0.00132  0.00134   0.000159  -0.0009   
-0.000743 0.00903   0.00186   0.000378  0.00119   -0.00204  -0.00132  -0.000353 
-0.000831 -0.000191 0.0173    -0.00042  -0.000399 -0.00186  -0.0012   0.0022    
-0.000514 -0.000348 0.00163   0.00793   -0.000421 -0.00167  -0.000897 0.0007    
0.000857  0.000742  0.000847  -0.000599 0.00837   -0.00149  -0.00102  -0.00142  
0.00112   0.00131   -0.00266  0.000216  1.23e-05  0.0113    -0.00117  0.00068   
0.00137   -0.00102  -0.0012   0.000737  -1.23e-05 0.00167   0.0095    -0.000214 
-0.00126  -0.000465 0.00192   -0.000256 0.000501  -0.000419 -0.000969 0.00954   
A_T_ans:
0.00962   -0.00071  -0.00249  0.000728  -0.00132  0.00134   0.000159  -0.0009   
-0.000743 0.00903   0.00186   0.000379  0.00119   -0.00204  -0.00132  -0.000353 
-0.000831 -0.000191 0.0173    -0.00042  -0.000399 -0.00186  -0.0012   0.0022    
-0.000514 -0.000348 0.00163   0.00793   -0.000421 -0.00167  -0.000897 0.0007    
0.000857  0.000742  0.000847  -0.000599 0.00837   -0.00149  -0.00102  -0.00142  
0.00112   0.00131   -0.00266  0.000216  1.24e-05  0.0113    -0.00117  0.00068   
0.00137   -0.00102  -0.0012   0.000737  -1.24e-05 0.00167   0.0095    -0.000214 
-0.00126  -0.000465 0.00192   -0.000256 0.000501  -0.000419 -0.000969 0.00954   
error:7.381721900401317e-10error_ans4.8113169709787924e-14
A:
125   -10   -16   2     -15   -16   -11   -3    
-16   104   16    14    -12   -3    -2    -11   
9     1     115   -8    -16   -12   7     4     
-16   -16   -13   92    6     12    -6    0     
-13   -2    -4    -3    105   -7    0     -16   
-12   -14   -9    -8    -3    76    -12   2     
-8    4     16    5     12    8     91    16    
12    8     8     -8    8     -15   -1    88    
A_T:
0.00843   0.00102   0.00104   -6.18e-05 0.00137   0.00205   0.00123   0.000347  
0.00124   0.00956   -0.00137  -0.00139  0.001     0.00095   0.000514  0.00137   
-0.000234 0.000272  0.00896   0.000929  0.00141   0.00139   -0.000467 -7.18e-05 
0.00137   0.00154   0.000968  0.0105    -0.000198 -0.00124  0.000659  6.82e-05  
0.00108   0.00041   0.00043   0.00052   0.00963   0.00142   0.000347  0.00172   
0.00182   0.00205   0.000872  0.000785  0.000756  0.0134    0.00202   -0.000256 
0.000507  -0.000595 -0.0015   -0.00102  -0.00129  -0.00168  0.0108    -0.00216  
-0.000898 -0.000586 -0.000651 0.00108   -0.00119  0.00154   0.000323  0.011     
A_T_ans:
0.00843   0.00102   0.00104   -6.18e-05 0.00137   0.00205   0.00123   0.000347  
0.00124   0.00956   -0.00137  -0.00139  0.001     0.00095   0.000514  0.00137   
-0.000234 0.000273  0.00896   0.000929  0.00141   0.00139   -0.000467 -7.18e-05 
0.00137   0.00154   0.000968  0.0105    -0.000198 -0.00124  0.000659  6.82e-05  
0.00108   0.00041   0.00043   0.00052   0.00963   0.00142   0.000347  0.00172   
0.00182   0.00205   0.000872  0.000785  0.000756  0.0134    0.00202   -0.000256 
0.000507  -0.000595 -0.0015   -0.00102  -0.00129  -0.00168  0.0108    -0.00216  
-0.000899 -0.000586 -0.000651 0.00108   -0.00119  0.00154   0.000323  0.011     
error:7.97093946403038e-10error_ans7.006600474771507e-14
A:
75    -13   6     7     -4    -14   10    9     
-10   99    13    2     -6    -6    13    5     
12    2     126   -9    3     14    -16   13    
-9    0     4     119   -10   8     -10   9     
-12   16    -2    -1    71    -16   2     6     
-8    14    -14   15    9     101   -6    6     
-3    -13   15    14    0     -14   122   16    
13    -13   -8    10    14    -8    6     109   
A_T:
0.0139    0.00114   -0.000436 -0.000879 0.000728  0.00198   -0.00125  -0.00104  
0.00167   0.00985   -0.000848 -0.000251 0.000889  0.000889  -0.00127  -0.000379 
-0.00105  -0.000113 0.00764   0.000739  5.67e-05  -0.00118  0.00115   -0.000988 
0.00146   -6.29e-05 -0.000442 0.00833   0.00147   -0.000167 0.000524  -0.000901 
0.00222   -0.0024   0.000542  -0.000135 0.0139    0.00223   6.68e-05  -0.00102  
0.000475  -0.00109  0.00107   -0.00119  -0.00139  0.00967   0.000646  -0.000569 
0.000794  0.000813  -0.000948 -0.00115  3.96e-05  0.0014    0.00795   -0.00114  
-0.00196  0.00122   0.000613  -0.000642 -0.002    0.000145  -0.000364 0.00942   
A_T_ans:
0.0139    0.00114   -0.000436 -0.000879 0.000728  0.00198   -0.00125  -0.00104  
0.00167   0.00985   -0.000848 -0.000251 0.000889  0.000889  -0.00127  -0.000379 
-0.00105  -0.000113 0.00764   0.000739  5.68e-05  -0.00118  0.00115   -0.000988 
0.00146   -6.29e-05 -0.000442 0.00833   0.00147   -0.000167 0.000524  -0.000901 
0.00222   -0.0024   0.000542  -0.000135 0.0139    0.00223   6.69e-05  -0.00102  
0.000475  -0.00109  0.00107   -0.00119  -0.00139  0.00967   0.000647  -0.000569 
0.000794  0.000813  -0.000948 -0.00115  3.96e-05  0.0014    0.00795   -0.00114  
-0.00196  0.00122   0.000614  -0.000642 -0.002    0.000145  -0.000365 0.00942   
error:7.81849252007305e-10error_ans1.6042656976012183e-14
A:
103   5     -8    -10   9     -14   9     2     
-6    102   -12   8     11    6     9     -15   
10    16    72    -3    2     1     9     11    
0     -2    -6    114   -10   11    -7    1     
-16   -14   0     -9    109   -7    5     -4    
2     9     -16   -9    7     86    8     -6    
0     -5    -3    11    -6    -15   87    -10   
10    -10   14    14    4     16    5     81    
A_T:
0.00945   -0.000985 0.00137   0.00116   -0.000714 0.00134   -0.000967 -0.000671 
0.000176  0.00964   0.000998  -0.000873 -0.00113  -0.00109  -0.0011   0.00138   
-0.00122  -0.00235  0.0139    0.000817  0.000198  8.94e-06  -0.000873 -0.00239  
0.000115  0.000288  0.000625  0.00872   0.000848  -0.000927 0.000637  -9.02e-05 
0.00135   0.00107   0.000388  0.00082   0.00893   0.000531  -0.000815 0.000482  
-0.00061  -0.0014   0.00222   0.00102   -0.000534 0.0112    -0.000949 0.000132  
-0.000161 0.000484  0.000516  -0.00113  0.000291  0.00174   0.0111    0.00155   
-0.00089  0.00186   -0.00304  -0.00207  -0.000585 -0.00249  -0.00043  0.0129    
A_T_ans:
0.00945   -0.000985 0.00137   0.00116   -0.000714 0.00134   -0.000967 -0.000671 
0.000176  0.00964   0.000998  -0.000873 -0.00113  -0.00109  -0.0011   0.00138   
-0.00122  -0.00235  0.0139    0.000817  0.000198  8.98e-06  -0.000873 -0.00239  
0.000115  0.000288  0.000626  0.00872   0.000848  -0.000927 0.000637  -9.03e-05 
0.00135   0.00107   0.000388  0.00082   0.00893   0.000531  -0.000815 0.000482  
-0.00061  -0.0014   0.00222   0.00102   -0.000534 0.0112    -0.000949 0.000132  
-0.000161 0.000484  0.000516  -0.00113  0.000291  0.00174   0.0111    0.00155   
-0.00089  0.00186   -0.00304  -0.00207  -0.000585 -0.00249  -0.00043  0.0129    
error:7.594209705530375e-10error_ans3.2544470288568256e-14
A:
66    5     -12   -6    -11   13    3     4     
1     72    11    -3    -15   3     -2    13    
-16   -12   125   -13   -3    -12   8     8     
15    -6    -4    124   3     10    -6    15    
4     3     -12   6     94    -6    5     16    
12    -7    5     -7    16    95    -13   13    
-2    -10   3     1     -1    -11   82    -2    
2     -4    10    -4    16    -8    5     126   
A_T:
0.0157    -0.00118  0.002     0.000713  0.00213   -0.00199  -0.00115  -0.000673 
-0.000433 0.0136    -0.000866 2.11e-05  0.00244   -0.000426 0.000315  -0.0016   
0.00162   0.00122   0.00821   0.000942  0.000678  0.000563  -0.000655 -0.000965 
-0.00163  0.000768  0.000108  0.00795   -5.08e-05 -0.000633 0.000607  -0.000899 
-0.000386 -0.000358 0.0011    -0.000428 0.0107    0.000738  -0.000583 -0.00141  
-0.00209  0.00138   -0.000872 0.000479  -0.0017   0.0107    0.00208   -0.000929 
-6.5e-06  0.00177   -0.000484 -4.63e-05 0.000191  0.00134   0.0125    -0.00011  
-0.000527 0.000441  -0.000884 0.000253  -0.00149  0.000483  -0.00019  0.00807   
A_T_ans:
0.0157    -0.00118  0.002     0.000713  0.00213   -0.00199  -0.00115  -0.000673 
-0.000433 0.0136    -0.000866 2.11e-05  0.00244   -0.000426 0.000315  -0.0016   
0.00162   0.00122   0.00821   0.000942  0.000678  0.000563  -0.000655 -0.000965 
-0.00163  0.000768  0.000108  0.00795   -5.08e-05 -0.000633 0.000607  -0.000899 
-0.000386 -0.000358 0.0011    -0.000428 0.0107    0.000738  -0.000583 -0.00141  
-0.00209  0.00138   -0.000872 0.000479  -0.0017   0.0107    0.00208   -0.000929 
-6.53e-06 0.00177   -0.000484 -4.63e-05 0.000191  0.00134   0.0125    -0.00011  
-0.000527 0.000441  -0.000884 0.000253  -0.00149  0.000484  -0.00019  0.00807   
error:8.009379826035001e-10error_ans2.0120926135493103e-14
A:
98    -7    -12   9     0     -5    2     2     
-7    58    6     -9    -6    -9    -2    9     
-7    -15   120   2     2     -13   6     13    
-11   4     14    74    2     4     7     -10   
11    6     7     10    123   14    -6    -1    
-14   -12   -14   -14   -14   115   -8    13    
15    -3    13    13    2     -15   101   -13   
-7    -10   -7    -10   14    -6    15    120   
A_T:
0.0103    0.00162   0.00111   -0.00106  0.000221  0.000679  -1.18e-05 -0.000575 
0.00121   0.017     -0.00099  0.00176   0.00105   0.0011    0.00056   -0.00109  
0.000819  0.00223   0.00836   -2.03e-05 0.000234  0.00104   -0.00019  -0.00122  
0.00159   -0.000993 -0.00122  0.0135    -0.000446 -0.000652 -0.00118  0.00125   
-0.00136  -0.00118  -0.000548 -0.00128  0.00794   -0.00106  0.000469  0.000296  
0.00127   0.00183   0.000704  0.00129   0.00116   0.00884   0.000796  -0.000988 
-0.00143  0.000618  -0.000923 -0.00111  -5.97e-05 0.00129   0.01      0.000932  
0.00128   0.00171   0.000583  0.00157   -0.000784 0.000542  -0.00133  0.00804   
A_T_ans:
0.0103    0.00162   0.00111   -0.00106  0.000221  0.000679  -1.18e-05 -0.000575 
0.00121   0.017     -0.00099  0.00176   0.00105   0.0011    0.00056   -0.00109  
0.000819  0.00223   0.00836   -2.03e-05 0.000234  0.00104   -0.00019  -0.00122  
0.00159   -0.000993 -0.00122  0.0135    -0.000446 -0.000652 -0.00118  0.00125   
-0.00136  -0.00118  -0.000548 -0.00128  0.00794   -0.00106  0.000469  0.000296  
0.00127   0.00183   0.000704  0.00129   0.00116   0.00884   0.000796  -0.000988 
-0.00143  0.000618  -0.000923 -0.00111  -5.97e-05 0.00129   0.01      0.000932  
0.00128   0.00171   0.000583  0.00157   -0.000784 0.000542  -0.00133  0.00804   
error:7.998686157861812e-10error_ans1.726337958690223e-14
A:
115   12    -10   8     8     -7    -16   15    
2     114   -8    -13   3     9     8     -5    
6     0     48    -11   2     13    6     1     
11    6     2     86    7     5     -8    6     
-15   1     -11   16    122   -10   8     15    
9     8     -4    -14   -5    103   7     15    
4     14    -15   6     -4    -14   80    11    
1     -8    4     11    -16   16    3     127   
A_T:
0.00846   -0.00121  0.00212   -0.000417 -0.000608 0.000785  0.00165   -0.00121  
-0.000255 0.00895   0.000928  0.00134   -0.000297 -0.0012   -0.000768 0.000555  
-0.00106  0.000378  0.0198    0.00233   -0.000509 -0.00299  -0.0012   0.000391  
-0.00115  -0.000629 -0.000602 0.0116    -0.000596 -0.000348 0.00114   -0.000419 
0.00103   -0.000142 0.00195   -0.00105  0.00802   0.000713  -0.000856 -0.00105  
-0.000868 -0.000663 0.000333  0.00176   0.000192  0.00966   -0.00078  -0.00111  
-0.000632 -0.00161  0.0037    -0.000207 0.000324  0.00152   0.0121    -0.00128  
0.000305  0.000719  -0.000413 -0.00134  0.00103   -0.00112  -0.000418 0.00798   
A_T_ans:
0.00846   -0.00121  0.00212   -0.000417 -0.000608 0.000785  0.00165   -0.00121  
-0.000255 0.00895   0.000928  0.00134   -0.000297 -0.0012   -0.000768 0.000555  
-0.00106  0.000378  0.0198    0.00233   -0.000509 -0.00299  -0.0012   0.000391  
-0.00115  -0.000629 -0.000602 0.0116    -0.000596 -0.000348 0.00114   -0.000419 
0.00103   -0.000142 0.00195   -0.00105  0.00802   0.000713  -0.000857 -0.00105  
-0.000868 -0.000663 0.000333  0.00176   0.000192  0.00966   -0.00078  -0.00111  
-0.000632 -0.00161  0.0037    -0.000207 0.000324  0.00152   0.0121    -0.00128  
0.000305  0.000719  -0.000413 -0.00134  0.00103   -0.00112  -0.000418 0.00798   
error:7.714540117831348e-10error_ans3.2479734163161554e-14
A:
91    3     -12   4     8     -16   6     6     
-7    78    16    -6    -15   4     0     15    
-12   15    119   -9    12    -4    12    9     
-15   7     -16   122   -9    8     -3    -2    
4     -4    -12   10    72    -8    -16   -3    
12    3     -5    5     6     120   4     14    
-3    9     -11   -7    -13   -9    113   -11   
10    -15   -11   1     15    0     -1    124   
A_T:
0.011     -0.000742 0.000888  -0.000297 -0.00168  0.00135   -0.000976 -0.000789 
0.000899  0.0129    -0.00135  0.000286  0.00323   -0.000116 0.000554  -0.00136  
0.00116   -0.00182  0.00848   0.000584  -0.00196  0.000235  -0.00124  -0.000627 
0.00146   -0.00102  0.00143   0.00818   0.000414  -0.000237 5.56e-05  0.000122  
-0.000663 0.000353  0.00139   -0.000938 0.0139    0.00107   0.00179   0.000247  
-0.00103  -0.000425 8.71e-05  -0.00028  -0.000583 0.00817   -0.000341 -0.000876 
0.000205  -0.00114  0.00125   0.000418  0.000953  0.000805  0.00883   0.00076   
-0.000602 0.00141   0.000347  0.000161  -0.00132  -0.000223 -0.00011  0.00788   
A_T_ans:
0.011     -0.000742 0.000888  -0.000297 -0.00168  0.00135   -0.000976 -0.000789 
0.000899  0.0129    -0.00135  0.000286  0.00323   -0.000116 0.000554  -0.00136  
0.00116   -0.00182  0.00848   0.000584  -0.00196  0.000235  -0.00124  -0.000627 
0.00146   -0.00102  0.00143   0.00818   0.000414  -0.000237 5.56e-05  0.000122  
-0.000663 0.000353  0.00139   -0.000938 0.0139    0.00107   0.00179   0.000247  
-0.00103  -0.000425 8.71e-05  -0.00028  -0.000583 0.00817   -0.000341 -0.000876 
0.000205  -0.00114  0.00125   0.000418  0.000953  0.000805  0.00883   0.00076   
-0.000602 0.00141   0.000347  0.000161  -0.00132  -0.000223 -0.00011  0.00788   
error:8.245741867085599e-10error_ans2.3707469357541773e-14
A:
69    10    -6    0     14    -14   8     -8    
-7    93    -15   7     -13   -8    15    4     
-15   2     127   11    -12   -2    15    -3    
13    -12   -5    120   1     -9    -16   -11   
-16   -16   0     -12   90    -2    7     3     
6     -6    -14   -1    -14   71    -13   6     
-8    15    -14   5     -3    1     70    7     
9     15    -3    2     10    1     0     65    
A_T:
0.0135    -0.00187  0.00064   -0.000144 -0.00212  0.00237   -0.000657 0.00173   
0.00153   0.0115    0.00126   -0.000462 0.00181   0.00167   -0.00288  -0.000465 
0.00162   -3.59e-05 0.00778   -0.000562 0.000734  0.000502  -0.00195  0.000595  
-0.0012   0.000858  0.000685  0.00818   0.000407  0.000889  0.0018    0.00092   
0.00244   0.00213   0.000375  0.00104   0.0112    0.0012    -0.00148  -0.000107 
0.000345  0.00135   0.00192   0.00011   0.00288   0.0145    0.00168   -0.00158  
0.00197   -0.00239  0.00131   -0.00054  0.000115  -9.18e-05 0.0141    -0.00116  
-0.00249  -0.00276  -0.000129 -0.000312 -0.00187  -0.00112  0.000811  0.0153    
A_T_ans:
0.0135    -0.00187  0.00064   -0.000144 -0.00212  0.00237   -0.000657 0.00173   
0.00153   0.0115    0.00126   -0.000462 0.00181   0.00167   -0.00288  -0.000465 
0.00162   -3.6e-05  0.00778   -0.000562 0.000734  0.000502  -0.00195  0.000595  
-0.0012   0.000858  0.000685  0.00818   0.000407  0.000889  0.0018    0.00092   
0.00244   0.00213   0.000375  0.00104   0.0112    0.0012    -0.00148  -0.000107 
0.000345  0.00135   0.00192   0.00011   0.00288   0.0145    0.00168   -0.00158  
0.00197   -0.00239  0.00131   -0.00054  0.000115  -9.18e-05 0.0141    -0.00116  
-0.00249  -0.00276  -0.000129 -0.000312 -0.00187  -0.00112  0.000811  0.0153    
error:4.3025849549849227e-10error_ans1.7563728147122556e-14
A:
49    3     -3    1     5     0     11    -8    
-11   96    -13   2     -8    16    6     -12   
6     15    94    5     14    14    15    10    
-9    -16   -5    121   4     10    -14   -12   
-8    -6    -13   -5    116   -6    -16   5     
-4    5     12    1     -7    57    12    4     
10    -7    -12   -3    -6    2     90    -6    
14    -8    -12   -12   5     -9    -6    119   
A_T:
0.0202    -0.000864 0.000125  -0.000158 -0.0011   0.000397  -0.00263  0.00115   
0.00166   0.0102    0.00192   -0.000146 0.000139  -0.00312  -0.000719 0.00103   
-0.00151  -0.0018   0.0101    -0.000563 -0.00141  -0.00214  -0.0015   -0.00113  
0.000912  0.00143   0.00115   0.00832   -0.000479 -0.00206  0.00116   0.0011    
0.00124   0.000368  0.00134   0.000277  0.00851   0.000331  0.00109   -0.000278 
0.0024    -0.000778 -0.00257  -0.000106 0.00119   0.0185    -0.00212  -0.000491 
-0.00242  0.000791  0.00173   0.000282  0.00045   -0.000987 0.0113    0.000386  
-0.00232  0.000719  0.00108   0.000786  -0.000296 0.000658  0.000593  0.00833   
A_T_ans:
0.0202    -0.000864 0.000125  -0.000158 -0.0011   0.000397  -0.00263  0.00115   
0.00166   0.0102    0.00192   -0.000146 0.000139  -0.00312  -0.000719 0.00103   
-0.00151  -0.0018   0.0101    -0.000563 -0.00141  -0.00214  -0.0015   -0.00113  
0.000912  0.00143   0.00115   0.00832   -0.000479 -0.00206  0.00116   0.0011    
0.00124   0.000368  0.00134   0.000277  0.00851   0.000332  0.00109   -0.000278 
0.0024    -0.000778 -0.00257  -0.000106 0.00119   0.0185    -0.00212  -0.000491 
-0.00242  0.000791  0.00173   0.000282  0.00045   -0.000987 0.0113    0.000386  
-0.00232  0.000719  0.00108   0.000786  -0.000297 0.000658  0.000593  0.00833   
error:7.765521559122135e-10error_ans2.245997132096153e-14
A:
121   -8    -16   15    -13   -5    15    -10   
11    109   -6    12    -12   16    -15   13    
10    -6    88    -4    6     -9    13    16    
4     5     11    47    0     -2    10    -1    
4     14    13    12    83    0     2     3     
8     8     13    5     -15   110   12    -10   
-2    -2    -15   14    -3    3     114   -6    
-2    10    3     -8    5     -1    14    105   
A_T:
0.00811   0.000545  0.0014    -0.00259  0.00126   0.000389  -0.00104  0.000408  
-0.000805 0.00946   0.00128   -0.00296  0.00105   -0.00142  0.00178   -0.00154  
-0.00108  0.000642  0.0109    0.00118   -0.000652 0.000784  -0.000975 -0.0018   
-0.000375 -0.00135  -0.00331  0.0221    -6.09e-05 0.000367  -0.00182  0.000778  
-4.14e-05 -0.0015   -0.00153  -0.00278  0.0119    4.08e-05  6.38e-06  5.21e-05  
-0.000378 -0.00108  -0.00183  -0.000623 0.00146   0.00911   -0.000953 0.00114   
5.3e-05   0.000362  0.00186   -0.00259  0.000204  -0.000185 0.00883   0.000134  
0.000225  -0.000999 -0.000852 0.00236   -0.000644 0.000258  -0.00149  0.00978   
A_T_ans:
0.00811   0.000545  0.0014    -0.00259  0.00126   0.000389  -0.00104  0.000408  
-0.000805 0.00946   0.00128   -0.00296  0.00105   -0.00142  0.00179   -0.00154  
-0.00108  0.000643  0.0109    0.00118   -0.000652 0.000784  -0.000975 -0.0018   
-0.000375 -0.00135  -0.00331  0.0221    -6.09e-05 0.000367  -0.00182  0.000778  
-4.14e-05 -0.0015   -0.00153  -0.00278  0.0119    4.08e-05  6.42e-06  5.21e-05  
-0.000378 -0.00108  -0.00183  -0.000623 0.00146   0.00911   -0.000953 0.00114   
5.3e-05   0.000362  0.00186   -0.00259  0.000204  -0.000185 0.00883   0.000134  
0.000225  -0.000999 -0.000852 0.00236   -0.000644 0.000258  -0.00149  0.00978   
error:7.914202626579936e-10error_ans2.6118512496080718e-14
A:
80    -11   -8    11    9     2     2     13    
-15   111   9     7     13    12    13    -13   
-7    4     123   13    8     8     13    11    
-13   3     13    126   16    8     0     -12   
16    -5    -16   6     125   -7    4     -5    
7     7     10    -10   2     71    4     -12   
4     8     12    -13   -9    11    93    14    
-3    10    0     -6    12    -13   -11   91    
A_T:
0.0128    0.00153   0.000924  -0.0015   -0.000803 -0.000872 -0.000779 -0.00196  
0.002     0.00927   -0.000407 -0.000761 -0.00113  -0.00127  -0.00107  0.000922  
0.000735  4.22e-05  0.00845   -0.00118  -0.000408 -0.00091  -0.00129  -0.00122  
0.0015    -0.000115 -0.000833 0.00794   -0.00109  -0.000844 0.000267  0.000705  
-0.00158  8.27e-05  0.00092   -0.000275 0.00797   0.000937  -0.000405 0.000713  
-0.00123  -0.00127  -0.0014   0.00162   -0.000348 0.0147    5.33e-05  0.00229   
-0.000654 -0.000541 -0.000894 0.00103   0.000987  -0.00177  0.0108    -0.00158  
0.000255  -0.00123  -0.00041  0.00095   -0.000956 0.00181   0.00148   0.0109    
A_T_ans:
0.0128    0.00153   0.000924  -0.0015   -0.000803 -0.000872 -0.000779 -0.00196  
0.002     0.00927   -0.000407 -0.000761 -0.00113  -0.00127  -0.00107  0.000922  
0.000735  4.23e-05  0.00845   -0.00118  -0.000408 -0.00091  -0.00129  -0.00122  
0.0015    -0.000115 -0.000833 0.00794   -0.00109  -0.000844 0.000267  0.000705  
-0.00158  8.28e-05  0.00092   -0.000275 0.00797   0.000937  -0.000405 0.000713  
-0.00123  -0.00127  -0.0014   0.00162   -0.000348 0.0147    5.34e-05  0.00229   
-0.000654 -0.000541 -0.000894 0.00103   0.000987  -0.00177  0.0108    -0.00158  
0.000255  -0.00123  -0.00041  0.00095   -0.000956 0.00181   0.00148   0.0109    
error:8.463203471364977e-10error_ans2.7861264557809488e-14
A:
57    -2    -4    0     -7    -9    -6    -7    
-11   75    11    3     4     16    -9    14    
-5    8     99    -6    9     -8    -1    -3    
6     10    -3    125   11    11    -14   -10   
9     -13   -8    -15   117   11    -15   11    
6     -1    1     10    8     70    3     1     
-6    8     8     -11   8     4     97    -4    
-3    1     0     -16   11    -4    -16   115   
A_T:
0.0175    0.000361  0.000595  0.000179  0.000642  0.00209   0.00135   0.00102   
0.00285   0.0135    -0.00145  -0.000217 0.0001    -0.00301  0.00125   -0.00146  
0.00061   -0.00126  0.0102    0.000349  -0.000901 0.00165   -2.18e-05 0.000557  
-0.000724 -0.00143  0.000231  0.00823   -0.00089  -0.000897 0.00106   0.000982  
-0.000895 0.00106   0.000465  0.00119   0.00842   -0.00194  0.00145   -0.000806 
-0.00131  0.000326  -0.000273 -0.00139  -0.000831 0.0144    -0.000881 -0.000324 
0.000865  -0.00127  -0.000689 0.000939  -0.000698 -0.000269 0.0104    0.000701  
0.000492  -0.000574 -8.96e-05 0.00112   -0.00104  0.000605  0.00145   0.00904   
A_T_ans:
0.0175    0.000361  0.000595  0.000179  0.000642  0.00209   0.00135   0.00102   
0.00285   0.0135    -0.00145  -0.000217 0.0001    -0.00301  0.00125   -0.00146  
0.00061   -0.00126  0.0102    0.000349  -0.000901 0.00165   -2.19e-05 0.000557  
-0.000724 -0.00143  0.000231  0.00823   -0.00089  -0.000897 0.00106   0.000982  
-0.000895 0.00106   0.000465  0.00119   0.00842   -0.00194  0.00145   -0.000806 
-0.00131  0.000326  -0.000273 -0.00139  -0.000831 0.0144    -0.000881 -0.000324 
0.000865  -0.00127  -0.000689 0.000939  -0.000698 -0.000269 0.0104    0.000702  
0.000492  -0.000574 -8.96e-05 0.00112   -0.00104  0.000605  0.00145   0.00904   
error:6.294591514688364e-10error_ans2.1269948511179522e-14
A:
93    -9    -14   14    -5    -8    4     16    
-6    78    0     5     -10   -1    -4    -6    
-3    7     99    0     8     -9    -3    14    
-12   5     -4    84    -8    7     3     -1    
11    0     1     7     85    -7    15    -8    
14    -3    16    8     7     113   -10   -15   
-13   -3    -9    -2    3     14    85    13    
-15   -8    -4    7     5     5     -16   78    
A_T:
0.01      0.00101   0.00103   -0.00174  0.000486  0.0011    -0.000626 -0.00182  
0.000738  0.0131    0.0001    -0.0011   0.00138   0.000218  0.000577  0.000911  
1.51e-05  -0.00106  0.00994   0.000231  -0.000999 0.000764  0.000209  -0.00186  
0.00129   -0.000715 0.000637  0.0117    0.0011    -0.000421 -0.000751 -0.000127 
-0.0015   0.000111  -0.000541 -0.000986 0.0115    0.000724  -0.00149  0.00197   
-0.000788 0.000632  -0.00129  -0.000753 -0.00077  0.00843   0.0015    0.00173   
0.00142   0.000145  0.0013    0.000352  -0.00014  -0.00109  0.0111    -0.00259  
0.00233   0.00153   0.00105   -0.0013   -0.000633 -0.000501 0.0023    0.0117    
A_T_ans:
0.01      0.00101   0.00103   -0.00174  0.000486  0.0011    -0.000626 -0.00182  
0.000738  0.0131    0.0001    -0.0011   0.00138   0.000218  0.000577  0.000911  
1.51e-05  -0.00106  0.00994   0.000231  -0.000999 0.000764  0.000209  -0.00186  
0.00129   -0.000715 0.000637  0.0117    0.0011    -0.000421 -0.000751 -0.000127 
-0.0015   0.000111  -0.000541 -0.000986 0.0115    0.000724  -0.00149  0.00197   
-0.000788 0.000632  -0.00129  -0.000753 -0.00077  0.00843   0.0015    0.00173   
0.00142   0.000145  0.0013    0.000352  -0.00014  -0.00109  0.0111    -0.00259  
0.00233   0.00153   0.00105   -0.0013   -0.000633 -0.000501 0.0023    0.0117    
error:6.88142876015263e-10error_ans1.1573032484675968e-12
A:
70    -1    13    -4    16    7     12    1     
9     124   -8    9     -3    -16   -13   15    
15    -9    84    -4    11    -14   3     13    
11    -9    4     46    -1    4     0     -7    
14    1     -15   10    106   4     -4    7     
4     7     13    -13   -7    88    -2    16    
9     6     -13   10    2     8     103   -15   
11    -4    -4    5     -9    5     6     84    
A_T:
0.0153    0.000223  -0.0028   0.00141   -0.00202  -0.00146  -0.0018   0.000453  
-0.00102  0.00782   0.000847  -0.0012   0.000216  0.00167   0.00122   -0.00173  
-0.00252  0.000753  0.0117    0.00166   -0.000831 0.00227   0.000182  -0.00211  
-0.00393  0.00151   0.000178  0.0205    0.0009    -0.000499 0.000576  0.00158   
-0.00189  -0.000155 0.00206   -0.00196  0.00938   0.000125  0.000574  -0.00114  
-0.000639 -0.000604 -0.00164  0.0029    0.000866  0.0109    0.000378  -0.00147  
-0.00142  -0.000427 0.00191   -0.00225  -0.000111 -0.000514 0.00967   0.00144   
-0.002    0.000339  0.00114   -0.0016   0.00114   -0.000192 -0.000383 0.0114    
A_T_ans:
0.0153    0.000223  -0.0028   0.00141   -0.00202  -0.00146  -0.0018   0.000453  
-0.00102  0.00782   0.000847  -0.0012   0.000216  0.00167   0.00122   -0.00173  
-0.00252  0.000753  0.0117    0.00166   -0.000831 0.00227   0.000182  -0.00211  
-0.00393  0.00151   0.000178  0.0205    0.0009    -0.000499 0.000576  0.00158   
-0.00189  -0.000155 0.00206   -0.00196  0.00938   0.000125  0.000574  -0.00114  
-0.00064  -0.000604 -0.00164  0.0029    0.000866  0.0109    0.000378  -0.00147  
-0.00142  -0.000428 0.00191   -0.00225  -0.000111 -0.000514 0.00967   0.00144   
-0.002    0.000339  0.00114   -0.0016   0.00114   -0.000192 -0.000383 0.0114    
error:6.182325762438268e-10error_ans3.307511245797748e-14
A:
115   6     3     -4    5     10    3     -1    
-5    114   -1    12    10    -9    -3    15    
11    -13   84    7     6     3     11    -6    
-15   6     9     95    -1    8     -4    -7    
4     9     10    6     70    4     0     -5    
-15   -11   15    5     14    107   0     8     
2     12    -5    14    12    -8    114   15    
-4    1     11    5     -2    10    10    127   
A_T:
0.00866   -0.000554 -0.000219 0.000538  -0.000285 -0.000917 -0.000222 0.000226  
0.000353  0.00907   0.000411  -0.00108  -0.00165  0.000999  0.000263  -0.00127  
-0.00115  0.00167   0.0121    -0.000933 -0.000972 -0.00011  -0.00116  0.000418  
0.00134   -0.000945 -0.00115  0.0107    0.000454  -0.00103  0.000366  0.000698  
-0.000555 -0.00136  -0.00166  -0.000675 0.0148    -0.000574 5.84e-05  0.000651  
0.00141   0.00086   -0.00134  -0.000302 -0.00207  0.00952   0.00018   -0.000873 
-0.000275 -0.00052  0.000844  -0.00118  -0.0017   0.000868  0.00874   -0.00112  
0.000219  -0.000245 -0.000998 -0.00021  0.0006    -0.000814 -0.000624 0.00799   
A_T_ans:
0.00866   -0.000554 -0.000219 0.000538  -0.000285 -0.000918 -0.000222 0.000226  
0.000353  0.00907   0.000411  -0.00108  -0.00165  0.000999  0.000263  -0.00127  
-0.00115  0.00167   0.0121    -0.000933 -0.000972 -0.00011  -0.00116  0.000418  
0.00134   -0.000945 -0.00115  0.0107    0.000454  -0.00103  0.000366  0.000698  
-0.000555 -0.00136  -0.00166  -0.000675 0.0148    -0.000574 5.84e-05  0.000651  
0.00141   0.00086   -0.00134  -0.000302 -0.00207  0.00952   0.000181  -0.000873 
-0.000275 -0.00052  0.000844  -0.00118  -0.0017   0.000868  0.00874   -0.00112  
0.000219  -0.000245 -0.000998 -0.00021  0.0006    -0.000814 -0.000625 0.00799   
error:8.832792275370593e-10error_ans3.5405472329793006e-14
A:
107   -16   12    11    -16   -8    -12   -6    
13    69    1     -5    -5    15    12    -1    
-9    -16   80    13    6     3     6     0     
1     -12   14    102   -6    15    -2    -8    
-6    -4    -9    7     116   -16   11    -16   
-10   10    0     -16   16    121   16    -8    
-5    -15   -6    4     15    -13   100   -5    
13    -1    -10   14    12    8     -7    122   
A_T:
0.00913   0.00187   -0.000988 -0.000849 0.00109   0.000682  0.000727  0.000626  
-0.00194  0.0141    -2.23e-05 0.000598  0.000872  -0.00202  -0.00169  -2.73e-05 
0.000655  0.00264   0.0125    -0.00154  -0.000315 -0.000533 -0.000912 -0.000161 
-0.000554 0.00152   -0.00148  0.00978   0.00066   -0.00133  0.00022   0.000635  
0.000435  0.000357  0.00107   -0.000705 0.00849   0.000979  -0.00108  0.00111   
0.000694  -0.00113  -0.000413 0.00122   -0.000915 0.00806   -0.000888 0.000477  
0.000205  0.00211   0.000606  -0.000231 -0.00131  0.000626  0.00979   0.000283  
-0.000948 0.000119  0.00126   -0.00118  -0.00106  -0.000569 0.000535  0.00792   
A_T_ans:
0.00913   0.00187   -0.000988 -0.000849 0.00109   0.000683  0.000727  0.000626  
-0.00194  0.0141    -2.23e-05 0.000598  0.000873  -0.00202  -0.00169  -2.74e-05 
0.000655  0.00264   0.0125    -0.00154  -0.000315 -0.000533 -0.000912 -0.000161 
-0.000554 0.00152   -0.00148  0.00978   0.00066   -0.00133  0.00022   0.000635  
0.000435  0.000357  0.00107   -0.000705 0.00849   0.000979  -0.00108  0.00111   
0.000694  -0.00113  -0.000413 0.00122   -0.000915 0.00806   -0.000888 0.000477  
0.000205  0.00211   0.000606  -0.000231 -0.00131  0.000626  0.00979   0.000283  
-0.000948 0.000119  0.00126   -0.00118  -0.00106  -0.000569 0.000535  0.00792   
error:8.568790121898928e-10error_ans1.6134632375629697e-14
A:
81    7     -16   -16   -4    -13   -1    -4    
3     82    1     10    12    -14   -14   5     
13    5     77    0     -10   -15   -6    6     
-1    -2    -16   77    5     -10   1     -9    
12    -9    -5    1     90    -1    14    4     
13    13    -12   8     -10   115   -3    1     
-13   6     12    -4    11    -5    121   -4    
-8    4     15    -12   12    5     4     91    
A_T:
0.0115    -0.00131  0.00316   0.00246   0.00103   0.00175   -1.3e-05  0.000549  
-0.000163 0.0118    -0.000553 -0.00169  -0.0015   0.00128   0.00157   -0.000663 
-0.00253  -0.000587 0.0128    -0.000752 0.00166   0.00132   0.000426  -0.00106  
-0.00029  -0.000139 0.0026    0.013     -0.000429 0.00137   4.99e-05  0.00111   
-0.00204  0.00147   0.000416  -0.000947 0.0112    5.96e-06  -0.00108  -0.00083  
-0.00168  -0.00112  0.000884  -0.00114  0.00122   0.00841   -1.16e-05 -0.00033  
0.00166   -0.000871 -0.000865 0.000966  -0.00101  0.000373  0.00823   0.000676  
0.00169   -0.000647 -0.00152  0.00227   -0.00167  -0.000418 -0.000352 0.0115    
A_T_ans:
0.0115    -0.00131  0.00316   0.00246   0.00103   0.00175   -1.3e-05  0.000549  
-0.000163 0.0118    -0.000553 -0.00169  -0.0015   0.00128   0.00157   -0.000663 
-0.00253  -0.000587 0.0128    -0.000752 0.00166   0.00132   0.000426  -0.00106  
-0.00029  -0.000139 0.0026    0.013     -0.000429 0.00137   4.99e-05  0.00111   
-0.00204  0.00147   0.000416  -0.000947 0.0112    5.98e-06  -0.00108  -0.00083  
-0.00168  -0.00112  0.000884  -0.00114  0.00122   0.00841   -1.17e-05 -0.00033  
0.00166   -0.000871 -0.000865 0.000966  -0.00101  0.000373  0.00823   0.000676  
0.00169   -0.000647 -0.00152  0.00227   -0.00167  -0.000418 -0.000352 0.0115    
error:6.953300157874764e-10error_ans1.7862407257938484e-14
A:
110   11    6     -15   15    -9    -14   13    
-1    85    -15   -8    -16   -6    1     -4    
-13   -7    93    13    1     16    4     9     
-11   14    -2    68    8     1     0     13    
10    13    1     1     106   3     8     -11   
-14   5     1     -8    0     91    -1    13    
11    -10   16    -10   13    -8    116   -15   
-12   -12   4     5     -12   15    7     82    
A_T:
0.00924   -0.00159  -0.000948 0.00261   -0.00215  0.00149   0.00145   -0.00211  
0.000372  0.0114    0.00185   0.00103   0.00164   0.000337  -0.000243 0.000253  
0.000836  0.00107   0.0109    -0.00195  3.38e-05  -0.00165  -0.000256 -0.000751 
0.00134   -0.00273  -0.000145 0.0151    -0.00214  0.000419  0.000521  -0.00298  
-0.000837 -0.00111  -0.000155 -0.000752 0.00971   -0.00076  -0.000852 0.00148   
0.00137   -0.00134  -0.000361 0.00183   -0.00086  0.0115    0.000492  -0.00239  
-0.000532 0.000987  -0.00131  0.00151   -0.000772 0.000778  0.00857   0.00138   
0.000957  0.00155   -0.000237 -0.000866 0.0017    -0.00197  -0.000789 0.0127    
A_T_ans:
0.00924   -0.00159  -0.000948 0.00261   -0.00215  0.00149   0.00145   -0.00211  
0.000372  0.0114    0.00185   0.00103   0.00164   0.000337  -0.000243 0.000253  
0.000836  0.00107   0.0109    -0.00195  3.38e-05  -0.00165  -0.000256 -0.000751 
0.00134   -0.00273  -0.000145 0.0151    -0.00214  0.000419  0.000521  -0.00298  
-0.000837 -0.00111  -0.000155 -0.000752 0.00971   -0.00076  -0.000852 0.00148   
0.00137   -0.00134  -0.000361 0.00183   -0.00086  0.0115    0.000492  -0.00239  
-0.000532 0.000987  -0.00131  0.00151   -0.000772 0.000778  0.00857   0.00138   
0.000957  0.00155   -0.000237 -0.000866 0.0017    -0.00197  -0.000789 0.0127    
error:6.322480317066947e-10error_ans3.136445830105039e-14
A:
118   13    -14   -5    0     12    7     3     
1     91    0     4     3     7     0     5     
-6    7     77    -7    9     3     -15   0     
12    -12   6     110   1     -2    -15   -5    
-1    -6    3     -11   86    -1    6     -5    
-16   10    12    8     -2    80    -15   8     
6     6     13    16    3     10    75    7     
-1    -12   -1    5     9     16    15    116   
A_T:
0.00837   -0.0011   0.00174   0.000674  -0.000156 -0.00114  -0.000507 -3.77e-05 
-0.00017  0.011     0.000151  -0.00034  -0.000366 -0.000857 -7.71e-05 -0.000435 
0.000372  -0.00117  0.0128    0.000415  -0.00139  -0.00074  0.00258   -0.000106 
-0.00102  0.00129   -0.00113  0.00867   -0.000107 5.29e-05  0.00157   0.000241  
8.82e-06  0.00107   -0.000404 0.00119   0.0116    9.26e-05  -0.000863 0.00055   
0.00161   -0.0018   -0.00191  -0.00106  0.000598  0.0124    0.00188   -0.000954 
-0.000715 -0.000789 -0.00192  -0.00184  -0.000143 -0.00123  0.0126    -0.000706 
-2.86e-05 0.00133   0.000733  -0.000107 -0.00101  -0.00167  -0.00187  0.00874   
A_T_ans:
0.00837   -0.0011   0.00174   0.000674  -0.000156 -0.00114  -0.000507 -3.78e-05 
-0.00017  0.011     0.000151  -0.000341 -0.000366 -0.000857 -7.71e-05 -0.000435 
0.000372  -0.00117  0.0128    0.000415  -0.00139  -0.00074  0.00258   -0.000106 
-0.00102  0.00129   -0.00113  0.00867   -0.000107 5.29e-05  0.00157   0.000241  
8.82e-06  0.00107   -0.000404 0.00119   0.0116    9.26e-05  -0.000863 0.00055   
0.00161   -0.0018   -0.00191  -0.00106  0.000598  0.0124    0.00188   -0.000954 
-0.000715 -0.000789 -0.00192  -0.00184  -0.000143 -0.00123  0.0126    -0.000706 
-2.86e-05 0.00133   0.000733  -0.000107 -0.00101  -0.00167  -0.00187  0.00874   
error:5.615419240712072e-10error_ans2.3155423763081237e-14
A:
91    -6    -13   -12   -7    4     -12   5     
1     54    8     -6    8     -8    -5    0     
6     -1    65    -1    7     -15   -4    7     
-16   13    -4    115   -6    6     -8    -8    
5     4     4     0     126   -11   4     2     
13    13    16    6     -6    122   8     12    
12    -2    13    0     4     -15   112   4     
10    16    3     4     15    -10   2     101   
A_T:
0.0109    0.00114   0.00183   0.00124   0.000526  4.41e-05  0.00137   -0.00064  
-6.37e-05 0.0181    -0.00249  0.000867  -0.000972 0.000855  0.000746  0.000133  
-0.00111  0.000149  0.0147    -2.94e-05 -0.000679 0.00174   0.000333  -0.00118  
0.00136   -0.00203  0.000942  0.00874   0.000464  -0.000317 0.000709  0.00056   
-0.000424 -0.000731 -0.000542 -0.000111 0.00804   0.000564  -0.00043  -0.000159 
-0.000919 -0.00172  -0.00176  -0.000581 0.000621  0.00781   -0.000846 -0.000785 
-0.00111  8.56e-05  -0.00216  -0.000164 -0.000162 0.000817  0.00868   -0.000246 
-0.0011   -0.00297  -0.000313 -0.000643 -0.00103  0.000495  -0.000483 0.00991   
A_T_ans:
0.0109    0.00114   0.00183   0.00124   0.000527  4.42e-05  0.00137   -0.00064  
-6.38e-05 0.0181    -0.00249  0.000867  -0.000972 0.000855  0.000746  0.000133  
-0.00111  0.000149  0.0147    -2.94e-05 -0.000679 0.00174   0.000333  -0.00118  
0.00136   -0.00203  0.000942  0.00874   0.000464  -0.000317 0.000709  0.00056   
-0.000424 -0.000731 -0.000542 -0.000111 0.00804   0.000564  -0.00043  -0.000159 
-0.000919 -0.00172  -0.00176  -0.000581 0.000621  0.00781   -0.000846 -0.000785 
-0.00111  8.56e-05  -0.00216  -0.000164 -0.000162 0.000817  0.00868   -0.000246 
-0.0011   -0.00297  -0.000313 -0.000643 -0.00103  0.000495  -0.000483 0.00991   
error:1.0046043996680964e-09error_ans2.7239095315597394e-14
A:
94    -10   7     4     -9    10    0     11    
1     93    -11   -16   -9    9     10    8     
-1    -12   49    -7    -1    9     -5    0     
7     2     -12   50    4     1     -13   -1    
-15   16    -10   5     120   11    2     7     
-3    1     -7    -7    -13   79    8     -7    
5     13    -7    15    9     -5    84    3     
13    -12   4     4     -10   8     -7    110   
A_T:
0.0109    0.000769  -0.0016   -0.000898 0.000676  -0.00127  -0.000327 -0.00127  
-0.000205 0.011     0.00332   0.0039    0.000484  -0.00166  -0.000429 -0.000865 
-0.000176 0.00248   0.0216    0.00301   -0.000182 -0.00259  0.00168   -0.000335 
-0.00182  -0.000203 0.00529   0.0198    -0.00103  -0.000269 0.00348   0.000331  
0.00149   -0.00118  0.000746  -0.00129  0.00823   -0.00121  -0.000151 -0.000671 
0.000424  0.000111  0.00231   0.00202   0.0014    0.012     -0.000685 0.000661  
-0.000402 -0.00139  0.000511  -0.00355  -0.000767 0.00104   0.0115    -8.85e-05 
-0.00116  0.000817  -0.000494 -0.000788 0.000615  -0.000844 0.00057   0.00903   
A_T_ans:
0.0109    0.000769  -0.0016   -0.000898 0.000676  -0.00127  -0.000327 -0.00127  
-0.000205 0.011     0.00332   0.0039    0.000484  -0.00166  -0.000429 -0.000865 
-0.000176 0.00248   0.0216    0.00301   -0.000182 -0.00259  0.00168   -0.000335 
-0.00182  -0.000204 0.00529   0.0198    -0.00103  -0.000269 0.00348   0.000331  
0.00149   -0.00118  0.000746  -0.00129  0.00823   -0.00121  -0.000151 -0.000671 
0.000424  0.000111  0.00231   0.00202   0.0014    0.012     -0.000685 0.000661  
-0.000402 -0.00139  0.000511  -0.00355  -0.000767 0.00104   0.0115    -8.85e-05 
-0.00116  0.000817  -0.000494 -0.000788 0.000615  -0.000844 0.00057   0.00903   
error:6.494502713394468e-10error_ans2.390990414452642e-14
A:
110   -1    -16   2     -5    -3    -12   -7    
-15   114   -8    0     6     -6    6     -16   
14    -10   103   6     -7    8     14    1     
-16   -15   -4    101   -1    -3    14    1     
-6    8     -5    5     88    14    13    -16   
9     1     14    11    5     82    -13   11    
2     16    -1    1     15    11    114   -10   
-16   -16   14    -15   14    14    11    124   
A_T:
0.00902   0.000139  0.00135   -0.000185 0.000395  -6.56e-05 0.000685  0.000629  
0.00124   0.00909   0.000636  6.29e-05  -0.000637 0.00063   -0.000392 0.00107   
-0.00102  0.000947  0.00975   -0.000482 0.000946  -0.000907 -0.00151  7.04e-05  
0.00155   0.00151   0.000654  0.00978   0.000303  0.000552  -0.00118  9.34e-05  
0.000908  -0.000293 0.000734  -0.000161 0.0116    -0.0021   -0.00168  0.00156   
-0.00135  -0.000836 -0.00187  -0.00136  -0.00102  0.0123    0.00194   -0.00123  
-0.000196 -0.00103  -5.25e-06 0.000177  -0.00145  -0.00109  0.00878   0.000472  
0.00169   0.00149   -0.000636 0.00138   -0.00117  -0.000818 -0.000742 0.00821   
A_T_ans:
0.00902   0.000139  0.00135   -0.000185 0.000395  -6.56e-05 0.000685  0.00063   
0.00124   0.00909   0.000636  6.3e-05   -0.000637 0.00063   -0.000392 0.00107   
-0.00102  0.000947  0.00975   -0.000482 0.000946  -0.000907 -0.00151  7.05e-05  
0.00155   0.00151   0.000654  0.00978   0.000303  0.000552  -0.00118  9.35e-05  
0.000908  -0.000293 0.000734  -0.000161 0.0116    -0.0021   -0.00168  0.00156   
-0.00135  -0.000836 -0.00187  -0.00136  -0.00102  0.0123    0.00194   -0.00123  
-0.000196 -0.00103  -5.28e-06 0.000177  -0.00145  -0.00109  0.00878   0.000472  
0.00169   0.00149   -0.000636 0.00138   -0.00117  -0.000818 -0.000742 0.00821   
error:8.581118038364366e-10error_ans4.0590965847722806e-14
A:
82    5     -9    1     0     4     13    -8    
-11   122   11    -3    -7    -1    4     8     
-8    3     72    -3    -4    -10   12    -13   
5     -8    1     96    -11   -8    15    -12   
-8    -10   -2    4     62    -10   -10   2     
1     11    -3    13    11    116   14    -15   
-5    -4    -9    0     -12   3     95    1     
15    -15   -8    -3    -9    8     -14   97    
A_T:
0.012     -0.000406 0.00148   -8.05e-06 -2.82e-05 -0.000333 -0.00159  0.00118   
0.00114   0.00814   -0.00121  0.000146  0.000672  5.48e-05  -0.000412 -0.000723 
0.000882  -0.000194 0.0141    0.000307  0.000725  0.00116   -0.00172  0.0022    
-0.000685 0.000882  -0.00031  0.0103    0.00169   0.00081   -0.00129  0.00121   
0.00191   0.00109   0.000732  -0.000816 0.0161    0.00132   0.00122   -7.65e-05 
-0.000579 -0.000827 0.000387  -0.00103  -0.00175  0.00838   -0.001    0.00129   
0.00103   0.00045   0.00143   -3.96e-05 0.00217   4.17e-07  0.0104    8.34e-05  
-0.00125  0.00157   0.000982  0.000371  0.00218   -0.000388 0.0017    0.0101    
A_T_ans:
0.012     -0.000406 0.00148   -8.05e-06 -2.82e-05 -0.000333 -0.00159  0.00118   
0.00114   0.00814   -0.00121  0.000146  0.000672  5.49e-05  -0.000412 -0.000723 
0.000882  -0.000194 0.0141    0.000307  0.000725  0.00116   -0.00172  0.0022    
-0.000685 0.000882  -0.00031  0.0103    0.00169   0.00081   -0.00129  0.00121   
0.00191   0.00109   0.000733  -0.000816 0.0161    0.00132   0.00122   -7.65e-05 
-0.000579 -0.000827 0.000387  -0.00103  -0.00175  0.00838   -0.001    0.00129   
0.00103   0.00045   0.00143   -3.97e-05 0.00217   4.33e-07  0.0104    8.35e-05  
-0.00125  0.00157   0.000982  0.000371  0.00218   -0.000388 0.0017    0.0101    
error:9.463825278999138e-10error_ans1.635810669385518e-14
A:
127   -3    -11   4     1     10    12    7     
0     113   -4    -2    12    7     16    -7    
1     10    121   -16   12    -3    -15   -6    
-5    16    6     117   16    -13   -9    -13   
-6    -14   -2    5     87    -3    -10   0     
13    -15   -6    -8    -11   121   -2    -12   
-13   -10   -2    -8    6     12    96    0     
-15   -14   9     -11   5     8     -1    81    
A_T:
0.00772   -6.35e-05 0.00073   -0.000329 -8.04e-05 -0.000515 -0.000898 -0.000748 
-8.04e-05 0.00856   0.000149  0.00016   -0.00122  -0.000397 -0.00151  0.000725  
0.000138  -0.000837 0.00814   0.00133   -0.00137  0.00016   0.00139   0.000755  
0.000438  -0.00103  -0.000502 0.00874   -0.00143  0.000751  0.000737  0.00135   
0.000605  0.00152   0.000321  -0.000367 0.0112    2.12e-05  0.000859  4.68e-05  
-0.000582 0.00123   0.000258  0.000771  0.000597  0.00822   0.00023   0.00152   
0.00111   0.000532  0.00019   0.000654  -0.00106  -0.00107  0.0101    -9.01e-05 
0.00149   0.00121   -0.000854 0.00096   -0.00103  -0.000906 -0.000431 0.0123    
A_T_ans:
0.00772   -6.36e-05 0.00073   -0.000329 -8.05e-05 -0.000515 -0.000899 -0.000748 
-8.04e-05 0.00856   0.000149  0.00016   -0.00122  -0.000397 -0.00151  0.000725  
0.000138  -0.000837 0.00814   0.00133   -0.00137  0.00016   0.00139   0.000755  
0.000438  -0.00103  -0.000502 0.00874   -0.00143  0.000751  0.000737  0.00135   
0.000605  0.00152   0.000321  -0.000367 0.0112    2.12e-05  0.000859  4.68e-05  
-0.000582 0.00123   0.000258  0.000771  0.000597  0.00822   0.00023   0.00152   
0.00111   0.000532  0.00019   0.000654  -0.00106  -0.00107  0.0101    -9.02e-05 
0.00149   0.00121   -0.000854 0.00096   -0.00103  -0.000906 -0.000431 0.0123    
error:1.0076348644361133e-09error_ans1.615605990882821e-14
A:
71    14    -5    -3    -6    -2    6     10    
5     62    -3    -7    -4    -13   1     -3    
-9    -14   103   -3    -10   -10   -9    0     
3     14    14    98    -1    -14   7     13    
-5    -7    9     12    85    7     11    -14   
3     -12   14    3     5     57    -1    -10   
-15   16    -3    15    -1    -12   102   16    
-16   -13   2     -9    -11   12    15    98    
A_T:
0.014     -0.00311  0.000523  0.000109  0.000726  -4.14e-05 -0.000636 -0.00133  
-0.00126  0.0172    -0.000307 0.00114   0.000607  0.00373   -0.000381 0.00103   
0.00119   0.00227   0.00941   0.000203  0.00121   0.00219   0.000583  0.000221  
-0.000943 -0.00221  -0.00166  0.00995   -0.000502 0.0018    -0.000519 -0.0011   
0.000856  0.00164   -0.000646 -0.000873 0.0122    -0.00216  -0.00167  0.00187   
-0.000949 0.00345   -0.00228  -7.1e-05  -0.000964 0.0176    -0.000177 0.0019    
0.00203   -0.0026   0.000395  -0.00184  -0.000129 0.00157   0.0101    -0.00155  
0.00191   0.00168   -0.000153 0.00127   0.00163   -0.00202  -0.00193  0.0102    
A_T_ans:
0.014     -0.00311  0.000523  0.00011   0.000726  -4.14e-05 -0.000636 -0.00133  
-0.00126  0.0172    -0.000307 0.00114   0.000607  0.00373   -0.000381 0.00103   
0.00119   0.00227   0.00941   0.000203  0.00121   0.00219   0.000583  0.000222  
-0.000943 -0.00221  -0.00166  0.00995   -0.000502 0.0018    -0.000519 -0.0011   
0.000856  0.00164   -0.000646 -0.000873 0.0122    -0.00216  -0.00167  0.00187   
-0.000949 0.00345   -0.00228  -7.1e-05  -0.000964 0.0176    -0.000177 0.0019    
0.00203   -0.0026   0.000395  -0.00184  -0.000129 0.00157   0.0101    -0.00155  
0.00191   0.00168   -0.000153 0.00127   0.00163   -0.00202  -0.00193  0.0102    
error:5.610907294339995e-10error_ans3.539174992059339e-14
A:
71    5     -13   2     3     15    -1    -1    
-6    76    -13   -5    10    -8    -8    -7    
13    9     91    6     -6    -14   -12   -1    
2     -9    0     110   6     -10   12    5     
16    -10   13    -9    94    -11   7     2     
-11   2     10    2     -14   123   8     -7    
5     6     -10   10    -14   11    78    -6    
-15   16    -8    -1    -12   -10   -7    119   
A_T:
0.0134    -0.00122  0.00203   -0.00046  -0.000282 -0.0016   0.00062   1.88e-05  
0.00101   0.0124    0.0022    0.000208  -0.000745 0.00081   0.00166   0.000892  
-0.00212  -0.00116  0.0103    -0.000613 0.0013    0.00132   0.0013    0.000148  
0.000167  0.00111   3.61e-05  0.00917   -0.000824 0.000821  -0.00133  -0.000323 
-0.00161  0.0019    -0.00172  0.00115   0.0103    0.00124   -0.00133  -0.000131 
0.00135   -5.77e-05 -0.000923 5.5e-05   0.001     0.00808   -0.00102  0.000404  
-0.00161  -0.000955 0.000879  -0.00104  0.00216   -0.000769 0.0129    0.000552  
0.00127   -0.00176  0.000456  8.88e-06  0.00139   0.000544  0.000473  0.00835   
A_T_ans:
0.0134    -0.00122  0.00203   -0.00046  -0.000282 -0.0016   0.00062   1.88e-05  
0.00101   0.0124    0.0022    0.000208  -0.000745 0.00081   0.00166   0.000892  
-0.00212  -0.00116  0.0103    -0.000613 0.0013    0.00132   0.0013    0.000148  
0.000167  0.00111   3.61e-05  0.00917   -0.000824 0.000821  -0.00133  -0.000323 
-0.00161  0.0019    -0.00172  0.00115   0.0103    0.00124   -0.00133  -0.000131 
0.00135   -5.77e-05 -0.000923 5.5e-05   0.001     0.00808   -0.00102  0.000405  
-0.00161  -0.000955 0.000879  -0.00104  0.00216   -0.000769 0.0129    0.000552  
0.00127   -0.00176  0.000456  8.91e-06  0.00139   0.000544  0.000473  0.00835   
error:7.420339898089878e-10error_ans1.8981069711727555e-14
A:
97    -14   -13   13    -1    7     10    -10   
-14   91    -11   -14   -9    -13   6     7     
-14   10    92    -9    -10   -12   -9    -14   
13    2     -12   119   -1    -9    14    -13   
14    4     -8    7     96    -12   1     -7    
5     -2    -9    -15   -3    90    -3    4     
2     13    6     6     11    -10   108   -5    
0     12    14    9     -14   -14   9     105   
A_T:
0.0108    0.00148   0.0015    -0.00101  0.000641  -0.000388 -0.00093  0.00102   
0.0014    0.011     0.0021    0.00152   0.00141   0.002     -0.00071  -0.00015  
0.00101   -0.0014   0.0109    0.000524  0.00125   0.00174   0.000713  0.00176   
-0.00119  -0.000473 0.000952  0.00864   0.000432  0.00113   -0.000964 0.00105   
-0.00159  -0.000832 0.000593  -0.000355 0.0105    0.00156   0.000185  0.000589  
-0.000708 -7.77e-05 0.00126   0.00159   0.000447  0.0116    0.000294  -9.4e-05  
-0.000285 -0.00122  -0.000949 -0.000526 -0.00125  0.000571  0.00935   0.000203  
-0.000475 -0.00105  -0.00144  -0.000775 0.0012    0.00114   -0.000669 0.00926   
A_T_ans:
0.0108    0.00148   0.0015    -0.00101  0.000641  -0.000388 -0.00093  0.00102   
0.0014    0.011     0.0021    0.00152   0.00141   0.002     -0.00071  -0.00015  
0.00101   -0.0014   0.0109    0.000525  0.00125   0.00174   0.000713  0.00176   
-0.00119  -0.000473 0.000952  0.00864   0.000432  0.00113   -0.000964 0.00105   
-0.00159  -0.000833 0.000593  -0.000355 0.0105    0.00156   0.000186  0.000589  
-0.000708 -7.78e-05 0.00126   0.00159   0.000447  0.0116    0.000294  -9.4e-05  
-0.000285 -0.00122  -0.000949 -0.000526 -0.00125  0.000571  0.00935   0.000203  
-0.000475 -0.00105  -0.00144  -0.000775 0.0012    0.00114   -0.000669 0.00926   
error:7.726725925749633e-10error_ans5.981057372936407e-14
A:
114   -5    -8    16    5     13    0     16    
-2    119   15    10    6     7     -13   7     
-9    -1    105   2     14    1     11    -4    
12    3     6     83    5     -6    -13   -6    
8     9     8     5     69    -11   2     6     
3     -1    13    13    12    68    -15   -3    
-11   -16   -15   -5    -5    -2    82    -15   
11    15    12    -10   10    10    8     127   
A_T:
0.0092    0.000544  0.00105   -0.00175  -0.000324 -0.00186  -0.000534 -0.00133  
0.000389  0.00867   -0.000793 -0.000917 -0.000231 -0.000969 0.00121   -0.000464 
0.000798  6.34e-05  0.00962   -0.000236 -0.00199  -0.000699 -0.00141  9.91e-05  
-0.00123  -0.000138 -0.00067  0.0124    -0.000857 0.00113   0.00217   0.00105   
-0.00105  -0.00104  -0.00125  -0.001    0.0146    0.00268   2.89e-05  -0.00052  
7.37e-05  0.000584  -0.00127  -0.00193  -0.00202  0.0141    0.00254   0.000557  
0.00113   0.00151   0.00144   0.000462  0.000185  -0.000151 0.0122    0.00126   
-0.00101  -0.00115  -0.000851 0.00146   -0.000826 -0.000885 -0.000761 0.00803   
A_T_ans:
0.0092    0.000544  0.00105   -0.00175  -0.000324 -0.00186  -0.000534 -0.00133  
0.000389  0.00867   -0.000793 -0.000917 -0.000231 -0.000969 0.00121   -0.000464 
0.000798  6.35e-05  0.00962   -0.000236 -0.00199  -0.000699 -0.00141  9.91e-05  
-0.00123  -0.000138 -0.00067  0.0124    -0.000857 0.00113   0.00217   0.00105   
-0.00105  -0.00104  -0.00125  -0.001    0.0146    0.00268   2.89e-05  -0.00052  
7.38e-05  0.000584  -0.00127  -0.00193  -0.00202  0.0141    0.00254   0.000557  
0.00113   0.00151   0.00144   0.000462  0.000185  -0.000151 0.0122    0.00127   
-0.00101  -0.00115  -0.000851 0.00146   -0.000826 -0.000885 -0.000761 0.00803   
error:7.584262107229733e-10error_ans8.783372413300107e-14
