A:                                              X:                       X_ans:                   B:
104   8     6     10    -13   -5    16    -5    -0.2029016613960266      -0.20290174461743612     -19   
-16   105   11    -12   7     16    1     -5    0.0309942364692688       0.030994235023250515     8     
-2    11    80    3     -15   -15   1     -7    -0.2543649673461914      -0.2543650380823168      -6    
-14   7     8     100   -7    16    -16   9     -0.7931971549987793      -0.7931971990174057      -112  
-4    1     2     0     95    -3    14    6     0.39612913131713867      0.3961292154663079       39    
-2    -4    15    0     10    102   -3    9     -0.8895640969276428      -0.8895641561700485      -102  
-2    -14   -16   9     3     4     111   -16   0.384993314743042        0.38499335793827494      56    
12    -9    6     -12   16    -12   8     90    -1.1707909107208252      -1.1707910143789355      -80   
error:3.9698022646916797e-10
A:                                              X:                       X_ans:                   B:
119   -13   -6    -14   -1    -12   -1    14    1.0525600910186768       1.0525601680879506       108   
-16   85    15    11    1     -10   0     -6    -0.18562376499176025     -0.1856237855839304      -24   
16    -6    83    14    -7    -7    2     10    1.0338997840881348       1.0338998380776345       84    
-6    -13   15    121   12    13    -4    -7    -0.5401948094367981      -0.540194895576714       -42   
-7    16    2     -4    82    -1    -16   0     -0.281416118144989       -0.2814161644245173      -30   
4     -10   -6    12    14    96    0     -16   0.6467523574829102       0.6467523950496042       67    
3     -11   11    15    -16   1     97    11    0.01048743724822998      0.010487477165222702     4     
15    4     -14   8     11    5     7     107   -0.9669284224510193      -0.9669284765235311      -107  
error:2.9042013238722575e-10
A:                                              X:                       X_ans:                   B:
106   -15   7     -7    -4    -8    -14   -14   0.8793368935585022       0.8793369763574634       115   
6     115   -9    7     -14   9     9     -11   -1.131779670715332       -1.131779743596272       -126  
-15   -10   123   -9    -15   7     6     2     -0.9551107287406921      -0.955110806901314       -115  
16    -16   -6    124   10    -1    -8    10    -1.1821702718734741      -1.1821703567984276      -107  
-5    -8    10    16    94    -4    2     -16   0.420417845249176        0.4204178934421266       20    
-4    11    -7    8     -11   127   11    13    0.21451228857040405      0.21451231853010153      -2    
14    13    -6    -15   1     3     108   -13   -0.13449329137802124     -0.13449337293329508     12    
-9    -6    -1    10    10    2     -2    112   -0.33850210905075073     -0.3385021717020139      -45   
error:4.6063419745223655e-10
A:                                              X:                       X_ans:                   B:
82    7     10    6     -7    7     5     6     1.4358642101287842       1.4358642778763904       120   
12    123   -14   7     -8    9     13    -12   -0.9592458009719849      -0.9592458996669713      -102  
-7    -4    101   -5    11    -7    -11   5     0.06066703796386719      0.060667089893495535     -10   
11    8     -11   115   3     -9    7     3     -0.5456445217132568      -0.5456445979030198      -53   
15    -8    -15   -6    92    -4    -12   10    -1.5572735667228699      -1.5572737302553583      -106  
6     -7    -10   -16   13    94    0     8     -0.47501683235168457     -0.47501689728264085     -37   
-14   2     6     15    5     -3    112   5     0.1466602087020874       0.14666029307867842      -17   
15    4     -11   -12   -12   -8    8     86    0.5553246736526489       0.5553246506809231       95    
error:5.368754329992953e-10
A:                                              X:                       X_ans:                   B:
116   -2    -10   8     16    2     -13   6     0.017434298992156982     0.017434407462197377     23    
12    71    3     4     -2    -15   6     -10   -1.5381933450698853      -1.538193487715746       -113  
1     -15   76    4     -2    5     -3    -14   -1.1401848793029785      -1.1401850180114137      -68   
-9    -4    -3    106   13    -10   3     -16   -1.5590701699256897      -1.559070368050607       -121  
4     -12   12    12    84    -6    -16   14    1.8615249395370483       1.861525179541174        126   
-16   10    8     0     -4    85    5     -3    -0.038461923599243164    -0.03846194449451309     -31   
6     -10   -11   6     10    13    106   -7    0.5800271034240723       0.5800271262469877       102   
-6    6     -8    -13   -14   9     10    106   -0.5325319170951843      -0.5325319698690978      -57   
error:1.1471179561794997e-09
A:                                              X:                       X_ans:                   B:
123   -15   -3    -3    13    -16   0     1     -0.005411624908447266    -0.005411678956881093    -6    
16    116   15    15    14    -16   15    1     -0.08420354127883911     -0.08420353121825278     -24   
-11   14    103   11    -2    -13   -15   0     -0.6179384589195251      -0.6179385271098033      -79   
8     -5    16    67    16    4     -3    1     -0.1663435697555542      -0.16634358618073425     -22   
11    14    3     0     117   16    -3    10    -0.03484863042831421     -0.034848658666725145    -14   
-2    3     9     3     -16   126   -15   -9    0.45149141550064087      0.4514914591849645       56    
-14   -16   -9    2     -1    -16   102   5     0.4402359127998352       0.4402359759400825       38    
-6    5     16    3     1     11    -5    73    -1.2733668684959412      -1.2733668868221701      -101  
error:2.1800161675855634e-10
A:                                              X:                       X_ans:                   B:
112   8     9     6     7     7     15    -16   -1.2050454020500183      -1.2050467335192276      -122  
-11   103   1     -10   -10   11    -10   -10   1.0305975079536438       1.0305975343712506       116   
-11   6     125   -16   0     -10   -12   14    -0.12576305866241455     -0.12576245811895198     27    
-12   9     13    72    4     -14   -10   1     -1.7577055096626282      -1.7577055411696083      -96   
7     9     1     0     78    -14   4     9     0.9032855033874512       0.9032864359917474       82    
-5    -15   4     6     -14   82    -8    13    -0.8370963335037231      -0.8370958293306189      -112  
2     -11   -7    6     -7    12    124   7     0.6491323113441467       0.6491325913097064       38    
-15   3     14    11    7     0     3     68    -0.38738858699798584     -0.3873891333123897      -18   
error:2.4753731509008503e-08
A:                                              X:                       X_ans:                   B:
61    -7    12    -7    0     -4    -8    -10   0.9271458983421326       0.927146033691918        76    
-2    82    -1    -10   11    3     -14   14    0.27344465255737305      0.2734447299086424       40    
15    -4    102   8     -1    -5    11    7     1.063719928264618        1.063719987508143        114   
-4    -11   -15   119   -13   15    14    12    -0.5858606100082397      -0.585860640339152       -101  
-6    3     13    -11   84    5     4     -11   -0.6601365804672241      -0.6601366250241874      -55   
-7    -16   3     -3    -9    121   -8    6     -0.7058586478233337      -0.7058586900163903      -73   
14    -8    -5    12    2     -9    84    11    -1.04574453830719        -1.045744646451177       -77   
6     -8    3     9     -4    5     14    78    0.6696850061416626       0.6696851209993236       38    
error:3.9820946540203295e-10
A:                                              X:                       X_ans:                   B:
80    -16   -3    13    4     -10   9     5     -0.7752472162246704      -0.7752472843006667      -95   
-2    69    -15   12    8     9     13    -5    0.9677489995956421       0.9677491201482842       25    
12    3     81    4     -1    -2    -16   -4    1.1195919513702393       1.1195920386630933       107   
-11   8     2     98    4     -13   0     8     -0.20174390077590942     -0.20174393705021645     -6    
9     10    -4    3     84    -8    11    5     -1.3677349090576172      -1.3677350360849836      -127  
13    10    -14   -6    -16   98    8     -5    -0.9261532425880432      -0.9261533330208052      -84   
-2    7     -8    -9    14    -7    84    -13   -0.9153859615325928      -0.9153860441007704      -70   
3     -3    14    14    3     -14   0     81    -1.4133804440498352      -1.4133805649786388      -98   
error:4.762199523611343e-10
A:                                              X:                       X_ans:                   B:
104   -6    13    13    -5    -10   -11   -2    0.9143353700637817       0.9143354740791885       70    
10    107   -1    8     -9    0     -14   6     -0.7997714877128601      -0.7997715632022513      -96   
14    5     77    -1    -1    -1    3     9     -1.0936152935028076      -1.0936153641305513      -68   
-6    -11   -13   63    0     5     3     8     0.12519103288650513      0.125191067841827        32    
-8    -13   12    -5    102   -15   10    14    0.27899718284606934      0.2789972253198498       40    
5     14    0     9     -1    92    12    6     -0.14668792486190796     -0.14668795412703783     1     
-7    5     -13   -3    9     -12   67    2     1.5163330435752869       1.5163330871539997       110   
9     3     -14   -10   -2    7     -16   101   0.3461161255836487       0.34611614383641154      29    
error:2.3660362558075576e-10
A:                                              X:                       X_ans:                   B:
72    -9    -8    5     -4    9     -13   -6    -1.4029406905174255      -1.4029409224365093      -121  
1     69    -8    -15   12    -2    5     -9    -0.42895710468292236     -0.42895702147985393     -20   
-6    -6    120   -6    9     -2    16    12    0.6758886575698853       0.6758887493644884       98    
3     -11   -12   64    2     -4    -15   5     -0.8711873888969421      -0.8711873205061871      -69   
-16   14    -10   -4    126   10    -15   -9    -0.5161418914794922      -0.5161420251080466      -69   
11    14    13    2     5     56    -3    -2    -1.364685833454132       -1.3646858357953089      -94   
1     -12   10    5     14    5     106   12    0.514568567276001        0.514568647332729        41    
-6    10    -5    1     7     10    1     113   -0.47019606828689575     -0.4701961094346476      -70   
error:7.083400532792439e-10
A:                                              X:                       X_ans:                   B:
108   -2    3     -9    6     -11   -7    -5    -0.3153414726257324      -0.31534154304827056     -29   
8     115   -7    -14   11    16    -4    -10   -0.2032831311225891      -0.2032831030146177      -87   
-15   -12   96    1     -15   3     9     13    0.39567995071411133      0.3956799457581399       66    
14    11    -12   102   -13   7     -2    -7    0.6808048486709595       0.6808049314843597       45    
-4    0     5     -1    122   3     6     12    -0.6260093450546265      -0.626009410910826       -65   
6     -10   -5    1     6     70    1     10    -1.884819507598877       -1.8848196262638495      -126  
-6    -4    10    16    15    6     94    -4    0.3017404079437256       0.30174042607330415      21    
13    -2    4     -6    -3    14    0     104   1.054850161075592        1.0548502903310892       79    
error:3.482476529370615e-10
A:                                              X:                       X_ans:                   B:
105   -8    14    12    15    -10   -15   0     -0.029040217399597168    -0.029040274247859457    33    
-4    112   3     9     -14   -8    11    0     -0.215920090675354       -0.21592007376797046     -57   
0     -11   109   -13   3     -11   6     8     1.023862361907959        1.023862451797719        96    
-11   2     9     117   -15   -1    -7    -1    -0.334408700466156       -0.334408774075426       -28   
12    0     -1    -9    81    -1    7     11    0.5920259356498718       0.5920260566688528       31    
10    -14   7     2     -1    82    6     15    0.88815838098526         0.8881584997369297       63    
-10   2     11    -13   12    -3    84    -11   -1.600126028060913       -1.600126221130335       -108  
-8    -16   1     13    2     15    13    105   -0.5911273956298828      -0.5911274333122369      -68   
error:4.3230130586380255e-10
A:                                              X:                       X_ans:                   B:
93    7     7     -6    -7    8     4     12    0.2597205638885498       0.2597205793529863       24    
-5    104   9     -12   -8    -16   0     -12   -0.1305243968963623      -0.13052439679443953     -38   
15    15    90    12    -2    -13   -6    -15   -0.8638524413108826      -0.8638525460836634      -86   
2     -2    -7    65    -1    -8    -16   0     0.011510074138641357     0.011510104839983671     21    
16    12    -5    -9    114   -4    -10   -11   0.19318997859954834      0.19319000144572174      28    
5     -11   -15   -3    -1    66    -12   -5    0.20361363887786865      0.20361364397442894      36    
10    -1    9     -9    -3    13    77    -11   -0.9529052972793579      -0.9529052852351075      -86   
6     4     -7    -3    10    5     9     124   0.8675605654716492       0.8675606123853287       109   
error:1.6297718730129418e-10
A:                                              X:                       X_ans:                   B:
92    -7    -8    6     7     -4    10    15    0.7996141910552979       0.7996143552536282       57    
15    108   9     -4    -4    11    -4    4     0.8318432569503784       0.8318433383822329       85    
-7    -5    86    13    7     13    4     14    0.10762155055999756      0.10762164123449597      -42   
-13   7     10    107   -16   8     -12   5     -0.5280247926712036      -0.5280248026789609      -71   
-7    -7    0     -12   117   11    9     -7    -0.3691939115524292      -0.36919395881326256     -62   
4     13    3     -13   -10   78    -5    3     -1.6900269985198975      -1.6900271405335585      -109  
-14   -4    -13   1     2     16    79    -16   -0.015459835529327393    -0.015459776971627101    -34   
-6    -10   1     -8    -7    -10   -8    85    -0.7155764698982239      -0.7155765632955707      -50   
error:5.022542381993844e-10
A:                                              X:                       X_ans:                   B:
95    -12   2     -6    -15   -13   5     3     1.1671881675720215       1.1671882405523661       119   
10    78    4     1     14    16    -13   14    -1.242112398147583       -1.2421125006915084      -110  
15    -11   97    -2    -6    8     -9    -14   -0.9426494240760803      -0.9426495018207746      -61   
3     5     13    79    -15   -5    -3    0     1.6327100992202759       1.6327102484362672       114   
-12   8     -1    1     73    -6    -9    6     0.05862534046173096      0.058625433975013595     -23   
-11   -16   12    -3    -16   127   -3    -9    -0.4431443214416504      -0.44314437456430866     -61   
3     -7    8     15    -3    -4    110   10    0.4523361921310425       0.4523362280636511       73    
6     -11   9     12    16    2     -14   118   -0.7499494552612305      -0.7499496221809282      -63   
error:5.961453553027241e-10
A:                                              X:                       X_ans:                   B:
121   3     4     9     5     -6    2     -4    -0.6256052255630493      -0.6256052835975434      -76   
10    120   12    9     -14   -12   -10   -13   0.26216351985931396      0.262163571019532        27    
8     -7    72    -15   -6    0     16    3     -0.8234363794326782      -0.823436422597193       -69   
-4    -15   2     101   -4    -11   6     14    0.2189028263092041       0.21890283125468127      28    
-15   -13   -13   11    124   12    -12   15    -0.3445611596107483      -0.344561189620974       -25   
-15   -14   -7    0     16    117   -11   5     -0.5088637471199036      -0.5088638078064078      -51   
-9    10    3     -11   -15   -1    119   -1    -0.14158117771148682     -0.1415812023734427      -8    
-16   -2    -11   -5    16    -2    -1    103   0.20296138525009155      0.2029614206614755       34    
error:1.7888268644128402e-10
A:                                              X:                       X_ans:                   B:
56    -11   12    -4    5     -10   0     5     0.07761538028717041      0.07761546280133114      -1    
11    109   4     7     7     7     1     -12   -0.4227510094642639      -0.4227510488137834      -34   
13    -11   88    -8    9     1     1     -5    -0.7992536425590515      -0.7992537411982948      -66   
-13   10    -9    101   -5    -4    -14   -4    1.049066185951233        1.0490662308449676       117   
4     11    -15   10    87    -4    -16   8     0.6656008958816528       0.6656009047881489       85    
-3    -13   -14   -2    -16   95    7     -7    -0.24885743856430054     -0.2488574806863966      -22   
-3    -16   13    -13   14    -7    110   -6    -0.6999510526657104      -0.6999511104376249      -81   
12    -8    -7    4     11    -13   7     108   -0.4051992893218994      -0.40519939337429245     -24   
error:2.3440094309989945e-10
A:                                              X:                       X_ans:                   B:
62    13    7     -12   1     -6    1     7     1.2414539456367493       1.2414540234511795       81    
6     86    -5    -16   -11   15    6     0     -1.344153106212616       -1.3441531212470692      -90   
3     11    84    -10   0     -1    -16   13    1.1443217396736145       1.1443217795146463       96    
-6    -16   8     109   11    12    -9    -8    -1.3026944398880005      -1.3026945083417512      -95   
-2    -2    -6    10    81    6     -12   15    1.5215976238250732       1.5215977862995238       112   
-14   5     6     13    -14   109   15    10    1.159646987915039        1.1596470934994831       81    
-4    9     -4    7     -2    -6    68    7     0.39496827125549316      0.3949683829080978       -11   
-2    2     -12   -3    -3    -1    -8    60    0.414652943611145        0.4146529939034973       1     
error:3.4986769037459453e-10
A:                                              X:                       X_ans:                   B:
105   13    -9    -9    5     12    3     3     -1.3862624764442444      -1.3862626147641328      -108  
10    66    10    1     3     -2    -11   6     1.5779793858528137       1.577979444554746        103   
5     -3    87    -16   -10   -1    15    -5    0.1998806595802307       0.19988071827996537      2     
-3    -5    -12   116   2     11    -3    7     -0.9972590804100037      -0.9972591021670201      -108  
-15   -13   12    16    91    4     -1    6     0.642612099647522        0.6426121707086833       52    
-11   -6    -15   16    5     98    7     9     0.5443001389503479       0.5443001588231946       45    
15    -9    6     -11   -10   -16   120   12    -0.625273585319519       -0.6252736128636337      -105  
5     11    9     13    -8    -10   -15   120   0.6661980748176575       0.6661981317359743       78    
error:3.668425563319033e-10
A:                                              X:                       X_ans:                   B:
88    -6    1     14    -15   15    14    -2    0.10991048812866211      0.10991034231547707      33    
-9    71    -1    -6    -10   -1    -2    4     -1.248100221157074       -1.2481002288534415      -80   
-12   -2    77    -14   -10   -9    1     8     1.2176643013954163       1.2176644642164094       117   
14    -16   2     113   4     -12   -11   -16   -1.0490813255310059      -1.0490814030994606      -103  
-9    -10   -16   -13   109   3     0     11    -0.8657545447349548      -0.8657546030023713      -94   
5     13    -14   -16   15    107   -15   11    -0.11881875991821289     -0.11881877979423493     -65   
-15   -8    -2    16    12    13    111   -12   1.2292527556419373       1.229252816676079        119   
-13   1     0     -4    -2    5     -16   67    -0.4475933909416199      -0.44759345035312703     -47   
error:6.524984996758576e-10
A:                                              X:                       X_ans:                   B:
120   16    -4    -12   -13   -12   -3    -12   -0.1669955849647522      -0.1669956830028198      -24   
-12   110   13    -1    -1    -12   14    -13   0.3151230812072754       0.3151230909253043       6     
7     5     111   0     -1    15    8     14    0.8280568718910217       0.8280569808503752       121   
2     -15   14    111   -12   11    -1    -14   -0.44659048318862915     -0.4465905476980317      -43   
-2    -3    -15   -9    69    -13   12    10    -1.176346480846405       -1.1763466232418052      -94   
-15   9     8     -4    -12   99    15    -5    0.7547623515129089       0.7547623682854174       81    
8     2     -1    4     -1    -8    71    -9    -0.8853867650032043      -0.8853867761573262      -86   
-3    2     5     1     11    -15   1     70    1.6617385149002075       1.6617386795526505       96    
error:6.100862037783372e-10
A:                                              X:                       X_ans:                   B:
125   13    16    -2    9     -5    10    14    0.5157046914100647       0.5157047327108507       95    
16    121   4     -4    -10   -9    16    -14   0.596146285533905        0.5961463544433735       80    
-7    -11   71    -8    -4    -10   7     -16   -0.15767496824264526     -0.1576749424315761      -27   
-4    -10   1     93    14    -10   5     -6    0.6123365163803101       0.6123364801662178       67    
-4    1     8     4     83    -3    8     14    0.8583159446716309       0.8583159590555407       87    
1     5     11    -8    12    86    12    -10   -0.4947390556335449      -0.49473909558114165     -30   
0     2     -7    -6    -9    -9    89    12    0.8908271789550781       0.8908272131887077       81    
-10   5     -7    -7    -14   -5    -13   114   0.5305474996566772       0.5305476143803438       34    
error:3.6759928434548783e-10
A:                                              X:                       X_ans:                   B:
66    -5    -10   -6    2     -9    -9    10    -0.46754592657089233     -0.4675459787455198      -20   
15    109   -12   12    -1    7     -15   12    0.7714666128158569       0.7714666762326324       94    
-4    -9    114   -9    -12   15    -12   6     -0.5469162464141846      -0.5469163232562355      -66   
-8    -5    2     66    0     16    15    7     0.28294968605041504      0.28294979321690766      -14   
14    -9    -2    -5    119   -11   14    -13   -0.2588704228401184      -0.25887045655559354     -47   
13    9     -7    13    10    79    10    9     -0.6682870984077454      -0.6682871367678157      -63   
15    -1    -8    -15   10    -1    77    -9    -1.1541894674301147      -1.154189488142468       -94   
16    -14   -14   14    -4    4     9     116   -0.4940645098686218      -0.49406452059748046     -76   
error:2.6350832627031195e-10
A:                                              X:                       X_ans:                   B:
121   10    1     5     4     11    16    8     -0.6519849300384521      -0.6519849706912088      -126  
1     74    -1    -10   -13   -8    -13   -12   -0.30291062593460083     -0.3029106902970188      32    
12    11    89    -6    7     -7    -11   -13   -1.0006949305534363      -1.0006950312243048      -82   
13    0     11    100   -6    -15   11    -9    0.016865670680999756     0.016865703220514196     5     
-12   10    -7    -1    63    12    -1    -6    -1.6642048954963684      -1.6642049387794169      -102  
13    -4    -12   14    -6    62    0     -1    -1.2049216628074646      -1.2049217818914133      -59   
-10   12    13    -4    -10   0     122   -1    -1.08352530002594        -1.0835253694668354      -125  
4     1     -5    -3    3     -1    3     96    -0.7396224141120911      -0.739622482609904       -76   
error:3.383107127774565e-10
A:                                              X:                       X_ans:                   B:
81    -5    -15   -3    6     4     -8    -11   -0.5354411602020264      -0.5354412546301778      -16   
9     124   2     5     -11   7     13    -16   -0.509879469871521       -0.5098794876807274      -73   
-14   0     99    12    -14   -3    -1    -11   -0.5370805263519287      -0.5370805931528249      -48   
13    8     12    121   -6    -13   14    3     1.1901981234550476       1.1901982299300295       105   
-1    10    -2    -16   85    11    -4    -11   1.578977882862091        1.578978006676438        124   
5     9     -4    -15   6     126   -4    -16   0.4111245274543762       0.41112455905292644      49    
14    4     -12   -11   11    3     119   2     -0.3551250100135803      -0.3551250762989166      -41   
4     -1    0     -14   15    5     16    110   -0.5796693563461304      -0.5796693720433467      -62   
error:3.311768637104251e-10
A:                                              X:                       X_ans:                   B:
89    -11   -15   -12   -1    -9    -14   2     -0.3692758083343506      -0.36927588233478703     -26   
-8    118   9     10    0     -9    -12   11    0.19553226232528687      0.19553226992393075      35    
9     -5    93    8     6     16    16    8     0.4898693561553955       0.48986942250396265      35    
0     7     -15   86    7     -11   -4    -15   -1.0060373544692993      -1.0060373829636327      -111  
-14   -11   -13   12    120   -4    12    9     -0.648930549621582       -0.6489306213184788      -79   
-11   3     1     -12   -2    110   -4    4     -0.4051136374473572      -0.40511368781064566     -22   
-2    15    -15   -3    -16   -12   103   -11   0.16914993524551392      0.1691500011804321       19    
-2    -16   -11   -7    -11   -5    -4    89    1.1825736165046692       1.1825737219334462       113   
error:3.2734703836467816e-10
A:                                              X:                       X_ans:                   B:
79    3     -12   -9    1     -6    8     7     -0.6355136632919312      -0.6355137173603667      -72   
3     116   12    -15   -7    0     -7    -8    -0.30876606702804565     -0.30876602372340123     -58   
-5    6     63    -9    8     -1    6     -3    1.2403430938720703       1.2403431488574161       69    
12    -4    -5    104   -13   -4    -8    4     1.2986390590667725       1.2986392034680436       113   
-12   10    9     -3    74    13    -2    -2    0.2168029546737671       0.21680292564477488      42    
-9    -12   9     -11   2     80    5     -2    1.3746694922447205       1.3746696371517204       118   
-12   6     -9    -12   -1    10    121   -8    0.7156780958175659       0.7156781735955946       70    
-15   -16   -16   12    -2    -12   -5    113   1.144220232963562        1.1442202669487642       119   
error:4.370086514882132e-10
A:                                              X:                       X_ans:                   B:
94    -7    15    2     9     -15   2     -9    -1.232260286808014       -1.2322603853180134      -116  
-12   99    5     -1    -16   -9    15    -15   0.6695774793624878       0.6695775270253227       44    
13    -6    126   -7    -4    13    2     -5    -0.0747724175453186      -0.07477245266909294     -47   
14    -6    -1    97    -14   -12   -15   6     0.906444787979126        0.9064448811812169       69    
-15   -5    -11   0     76    7     -8    -12   1.018330991268158        1.0183310567081656       89    
7     -4    15    -11   -12   107   -10   12    -0.1665658950805664      -0.166565920892142       -37   
-2    -10   1     -5    -10   10    92    6     -0.6807457804679871      -0.6807458620408422      -79   
6     -3    -16   0     -16   -11   15    118   0.7193065881729126       0.7193067403254938       52    
error:6.151701370527007e-10
A:                                              X:                       X_ans:                   B:
91    1     -13   6     6     0     16    0     0.8442421555519104       0.8442423506537454       72    
16    119   9     5     -4    -3    -8    -14   -1.0861690640449524      -1.086169207615125       -108  
-6    16    91    -7    -11   -6    15    8     1.2319108247756958       1.2319110315436355       88    
12    1     11    97    2     10    -11   -16   0.672511100769043        0.6725111219205546       80    
-11   11    2     16    90    14    6     0     0.4377889633178711       0.43778911052497915      31    
5     -3    0     11    1     71    0     7     -0.1782447099685669      -0.17824477233400562     4     
12    -6    3     -12   -1    2     89    12    0.3508223295211792       0.35082233209489666      45    
-4    10    -1    9     -8    -2    -7    68    0.1914638876914978       0.19146400113560258      -2    
error:8.277929453015531e-10
A:                                              X:                       X_ans:                   B:
56    -7    -2    5     9     0     4     -5    0.3938954472541809       0.3938954749867327       5     
0     70    5     -6    8     8     6     -13   -0.2530147433280945      -0.25301474374526944     -44   
5     11    120   5     -14   -16   -7    -8    -0.5141603946685791      -0.5141604655080732      -65   
-1    -8    -5    94    16    15    6     10    -0.5923153758049011      -0.5923153763781538      -52   
-2    -13   6     -6    99    -10   1     -1    -1.2954577207565308      -1.2954577545483783      -126  
15    -14   -15   -6    6     100   -13   10    -0.01844078302383423     -0.018440792326703294    18    
-7    6     8     -12   -9    -13   98    7     0.7147719860076904       0.7147720290983928       92    
5     15    2     2     12    -10   14    83    1.619192361831665        1.6191924360114922       125   
error:1.5380052786895249e-10
A:                                              X:                       X_ans:                   B:
95    1     12    -9    10    1     12    -13   0.965214192867279        0.965214285815783        92    
12    90    5     7     -9    16    -14   -10   -1.092890977859497       -1.0928910777697014      -89   
-15   -11   91    -2    -15   1     3     11    -0.6256793737411499      -0.6256794573397082      -36   
16    -16   5     125   1     4     11    1     -0.628227174282074       -0.6282272635433915      -29   
-10   -2    6     13    99    14    -3    -15   -0.7618610858917236      -0.7618611136455506      -87   
4     16    -8    -11   16    89    -14   8     1.3650866150856018       1.3650867716758475       93    
-13   10    -7    -11   6     -9    106   6     1.3217895030975342       1.3217896846180364       114   
14    0     12    13    -13   -1    -13   108   0.488946795463562        0.4889469083984981       42    
error:8.173834942226677e-10
A:                                              X:                       X_ans:                   B:
73    -15   8     -8    -6    16    -6    8     1.7650368809700012       1.7650369508634742       124   
7     90    1     10    -7    12    -2    3     0.5500621199607849       0.5500621161517106       65    
15    5     111   -4    15    -4    16    4     -0.9530250430107117      -0.9530250696972327      -84   
1     -6    12    86    -5    -6    3     -5    -0.5083665251731873      -0.5083665156096223      -54   
14    -7    -7    6     117   -7    16    6     -0.5155935883522034      -0.5155935766857721      -41   
11    1     9     1     16    94    15    14    0.676353394985199        0.6763534831082916       60    
6     -6    -8    -9    5     4     67    -14   0.23384875059127808      0.2338487698376633       45    
-12   2     5     -3    12    15    11    81    -0.6939526200294495      -0.6939527261098004      -73   
error:1.743920563512802e-10
A:                                              X:                       X_ans:                   B:
94    -4    15    10    13    13    -3    -12   -0.019237160682678223    -0.019237028173587675    -20   
-15   80    -5    -2    -16   -16   -5    -9    -0.2916026711463928      -0.29160278390255523     4     
-2    15    122   6     12    5     10    -6    -0.29064321517944336     -0.2906432152904318      -37   
-15   7     -7    105   -2    1     -2    -8    -0.1296699047088623      -0.12966990103219722     -12   
8     1     8     -7    89    7     -1    11    0.2058160901069641       0.2058161701285678       -2    
-16   -2    6     -4    4     62    -11   -6    -1.6517472863197327      -1.6517472798925434      -105  
14    -5    10    15    -11   4     86    -8    0.5924644470214844       0.5924644471372467       43    
1     -3    -1    13    13    6     1     80    -0.5727261304855347      -0.5727262100607413      -53   
error:4.4635228846345854e-10
A:                                              X:                       X_ans:                   B:
84    -8    -6    6     9     -2    -12   -15   0.9921621084213257       0.9921622068523142       82    
-14   100   -13   15    13    -5    15    4     1.1239187717437744       1.1239188182237847       127   
-12   -4    76    3     15    11    13    11    0.5225692391395569       0.5225693389808529       42    
-12   7     16    74    10    2     4     -7    1.4837914109230042       1.4837914750687013       121   
1     -3    -4    9     94    -10   -2    3     0.6994435787200928       0.6994435942606868       75    
6     -1    -13   6     -10   104   -7    -1    -0.04145926237106323     -0.04145926589175633     -6    
-9    -3    -12   6     -7    11    118   13    0.21491944789886475      0.21491952195230699      12    
-16   -14   -10   -9    10    12    10    106   0.12776553630828857      0.12776561753554702      -28   
error:2.524593867292424e-10
A:                                              X:                       X_ans:                   B:
112   13    1     -14   7     -9    -8    -4    0.026874005794525146     0.026874066187718197     -9    
9     60    16    -6    7     -5    4     10    -1.0753012895584106      -1.0753013874565864      -60   
16    1     93    14    -4    1     -3    -1    -0.7868322730064392      -0.7868322761555034      -84   
-9    -10   15    121   -3    -16   -9    7     -0.5852823853492737      -0.5852824515183216      -56   
10    10    5     -15   112   1     -16   11    -0.5421699285507202      -0.5421700143771233      -69   
-7    7     3     -1    14    103   7     -5    -0.917411744594574       -0.917411842560281       -111  
0     -13   -6    -16   0     -7    88    -10   0.7616918683052063       0.7616919068786798       92    
-8    8     -12   -3    13    2     16    76    0.9515200257301331       0.9515201621407594       78    
error:4.0465053530169826e-10
A:                                              X:                       X_ans:                   B:
112   -6    10    -12   13    -4    7     3     -0.5067814588546753      -0.5067814918940537      -66   
-7    103   -11   12    10    7     -16   4     0.5901713967323303       0.5901714551155876       43    
-4    -1    87    16    -13   7     10    0     -0.14434415102005005     -0.1443441973890215      10    
-9    -8    -4    115   -14   1     -6    12    0.002223372459411621     0.002223417043279964     3     
12    -10   -5    10    87    2     5     7     -0.7548736333847046      -0.7548736487821992      -73   
13    -14   9     3     7     113   15    -10   0.1898992657661438       0.18989930200367824      17    
2     -13   3     8     -10   -3    127   -9    0.9942762851715088       0.9942763439497424       126   
-3    -16   11    -8    5     -2    -13   109   -0.2054336667060852      -0.20543365474258982     -49   
error:1.581099695613375e-10
A:                                              X:                       X_ans:                   B:
74    -3    11    -8    -3    12    12    -1    -1.5897897481918335      -1.589789892834386       -79   
14    104   1     -6    9     16    8     -16   -0.6751201152801514      -0.6751201765356216      -83   
15    11    95    9     6     6     4     12    1.7266161441802979       1.7266163184307357       117   
-16   -6    -9    91    1     -2    -4    -2    -0.6597504615783691      -0.6597505344827906      -48   
5     -4    12    2     95    -5    15    -14   -1.4334312081336975      -1.4334313119016584      -119  
-5    14    9     10    -8    103   -3    1     0.6171456575393677       0.6171457278126162       82    
11    14    -1    -11   1     11    122   15    0.018832862377166748     0.018832902049581345     -20   
8     12    9     16    -8    -6    -16   100   -0.41627025604248047     -0.41627026748593693     -50   
error:4.5060133402330393e-10
A:                                              X:                       X_ans:                   B:
104   -10   -4    9     11    10    13    -16   0.799898624420166        0.799898709499919        33    
-16   104   13    6     8     -9    -12   -5    0.985796332359314        0.98579640686166         89    
-15   -3    115   9     2     -11   -9    1     1.1678557395935059       1.1678558594869433       109   
16    1     1     103   -9    6     12    -4    -1.2876386046409607      -1.2876387774664908      -118  
-13   12    4     13    100   -11   -11   -15   -0.5539316534996033      -0.5539316591073652      -80   
5     -13   3     -9    -5    123   -1    -4    -0.06504076719284058     -0.06504081321046944     -3    
-10   -5    2     3     1     -13   122   13    -0.06725245714187622     -0.06725249903045287     -9    
-10   -4    8     9     8     -3    10    74    1.0283368229866028       1.0283369009091992       57    
error:5.707541106403369e-10
A:                                              X:                       X_ans:                   B:
78    0     -2    -16   7     12    14    -7    -0.02829897403717041     -0.028298959247648695    -7    
16    95    15    0     16    -9    11    -12   1.156956434249878        1.1569565273139846       114   
13    11    96    4     -4    -13   3     -15   0.06384056806564331      0.06384056030435195      31    
-11   2     -5    72    3     16    8     9     0.9010687470436096       0.9010688574426727       64    
6     2     -2    -10   117   -16   15    -14   -0.13132315874099731     -0.13132317009336653     -19   
1     -4    6     4     6     119   -10   -2    0.5154469013214111       0.515446953644378        64    
-9    15    6     -8    -15   5     114   5     -0.20263159275054932     -0.2026316722514684      -13   
1     9     0     8     -10   13    10    121   -1.0461204648017883      -1.046120545635665       -103  
error:3.289422068064596e-10
A:                                              X:                       X_ans:                   B:
85    -8    9     -9    -12   -5    6     -16   0.036917686462402344     0.036917694646730115     17    
-8    118   2     0     -9    9     7     14    0.14212369918823242      0.14212373829865083      32    
-10   2     92    13    1     11    -11   14    1.3298872709274292       1.3298874092916053       125   
13    15    -12   104   0     13    -13   7     -0.25656837224960327     -0.25656842747579106     -34   
2     -3    -12   -12   100   7     11    -7    -0.4281371831893921      -0.42813718321586103     -51   
-14   0     -4    14    1     85    -14   11    0.5741429924964905       0.5741430738911091       38    
-12   -13   -13   3     2     -2    77    4     0.20340007543563843      0.20340014237476878      -6    
6     -13   3     15    6     -16   8     125   0.1729029417037964       0.17290302205455113      10    
error:3.717524066360056e-10
A:                                              X:                       X_ans:                   B:
73    -7    8     -1    11    -12   5     -16   -1.1249163746833801      -1.1249164299056846      -90   
2     97    -10   1     -8    15    -3    9     -1.2295565009117126      -1.2295565530358432      -107  
6     7     109   10    -12   4     2     -1    -0.797269880771637       -0.7972699384251087      -81   
-4    -10   -12   77    9     1     13    9     1.2265833616256714       1.2265833614408423       115   
0     11    0     -3    87    0     -14   10    -0.7988404035568237      -0.7988404408638132      -86   
-8    5     -4    3     9     123   15    14    -0.13584595918655396     -0.13584601176635724     -12   
-4    4     -11   9     -2    9     84    -14   0.0344698429107666       0.03446988933326751      21    
9     -5    1     1     -1    -14   -4    101   0.11865687370300293      0.11865689735343035      11    
error:1.5790746488164586e-10
A:                                              X:                       X_ans:                   B:
113   14    -12   14    -16   -13   -2    15    0.013289034366607666     0.01328906350338206      14    
15    79    4     -8    -4    14    2     8     0.2906559705734253       0.2906560069342704       29    
16    -13   107   13    7     -4    -3    7     -0.07042503356933594     -0.07042507633770287     -11   
1     1     -1    90    -8    0     -3    -12   -0.7702063322067261      -0.7702064209492195      -76   
-2    -11   -2    -14   91    15    -15   -13   0.013971149921417236     0.013971142612451276     8     
-15   8     14    -16   9     93    3     0     -0.32961249351501465     -0.3296125527939443      -20   
14    -7    14    -8    16    0     97    15    -0.9783454537391663      -0.9783455476861134      -79   
-7    16    2     6     16    1     -14   121   0.8232549428939819       0.8232549802920266       113   
error:2.4801138920338417e-10
A:                                              X:                       X_ans:                   B:
83    8     -16   -8    -16   3     16    1     -0.25941699743270874     -0.2594170498208532      -4    
10    74    1     16    -9    13    3     10    -0.04750150442123413     -0.04750152692093608     3     
2     6     109   -3    1     11    10    -4    0.04780310392379761      0.047803129206902134     20    
3     -3    2     115   -12   -8    16    -13   0.28722018003463745      0.2872201983442126       56    
-1    -9    5     -1    96    -12   -14   -10   -0.2036043405532837      -0.203604352955449       -33   
-10   -8    6     -3    4     73    0     14    0.351049542427063        0.35104955525803017      20    
7     -12   8     3     15    -16   91    2     1.073658049106598        1.0736581727536405       88    
14    14    -5    -11   13    -2    10    112   -0.5151100158691406      -0.5151100725570859      -58   
error:2.2041035663278308e-10
A:                                              X:                       X_ans:                   B:
98    10    7     -15   -14   10    -13   13    -1.1825159192085266      -1.1825159948363508      -110  
10    76    0     16    -15   -11   -2    -4    1.3633312582969666       1.3633313774074636       81    
13    -13   125   13    14    -16   13    -5    -0.3800547122955322      -0.380054768388084       -84   
5     3     -9    47    -6    5     -3    1     -0.9520120620727539      -0.9520121528812363      -46   
10    15    3     11    123   4     -9    -8    0.2744409441947937       0.27444098114771         45    
-12   6     9     6     6     126   14    14    -0.18537497520446777     -0.1853750276543291      -34   
-12   -2    7     -5    5     -16   123   1     -0.38588565587997437     -0.38588569090604224     -31   
-13   2     -8    -9    7     -2    6     109   -1.4374718070030212      -1.4374719356755015      -127  
error:4.4782666464016074e-10
A:                                              X:                       X_ans:                   B:
104   -2    -7    -13   -3    8     -6    8     1.2710349559783936       1.2710350805168285       127   
-13   125   -10   -13   -15   5     16    -14   0.5139046907424927       0.5139047834584017       63    
-7    -9    127   -16   -9    0     2     -9    1.0160292983055115       1.0160293518297474       126   
6     -8    -15   109   1     -4    9     -10   -0.14209699630737305     -0.14209699635462056     -24   
-15   -14   13    -11   87    6     -5    5     -0.9057742357254028      -0.9057742378913253      -92   
-7    14    5     0     11    124   -3    13    0.175420880317688        0.1754208894772528       15    
-2    -2    -2    9     1     -7    116   -9    0.7013455033302307       0.7013455352049476       71    
-7    1     -4    11    12    12    2     83    0.14906108379364014      0.1490611356378096       -9    
error:3.0174618359524175e-10
A:                                              X:                       X_ans:                   B:
102   8     2     10    10    11    -16   14    -1.2714813947677612      -1.2714814965238825      -123  
7     90    3     -16   15    2     12    -3    0.8421721458435059       0.8421723351849256       24    
-5    -6    121   -12   16    -15   -2    7     0.907979428768158        0.9079795338941895       96    
7     11    -14   97    8     16    14    -6    1.0456045269966125       1.0456046086191009       53    
-12   10    -3    3     124   -10   -10   4     -1.282318651676178       -1.2823187364620505      -118  
-10   0     -14   8     3     89    16    -1    -1.03288733959198        -1.0328874291338566      -97   
4     12    3     -3    -10   5     109   -12   -0.58869868516922        -0.588698728404617       -54   
-14   -9    0     -15   6     8     5     65    0.17482119798660278      0.17482130289973433      -13   
error:5.276774572848808e-10
A:                                              X:                       X_ans:                   B:
115   -13   -7    -11   12    6     1     -16   -0.7176597714424133      -0.7176597932695593      -102  
4     70    15    7     14    9     -2    -4    1.3044208884239197       1.3044209153389794       107   
-9    -9    75    -15   6     5     14    -4    1.1804307699203491       1.180430881780331        98    
-15   -14   8     89    -1    -9    6     6     0.31724798679351807      0.3172480275333136       45    
-8    9     11    -10   114   4     10    6     0.6713075041770935       0.6713075660245095       111   
6     1     3     -10   9     106   0     15    -1.0623645782470703      -1.062364665633371       -115  
9     -1    -12   -4    14    11    106   -2    1.3746423721313477       1.3746425352406715       121   
-13   2     12    14    5     10    12    121   -0.3865591287612915      -0.3865592041875164      -7    
error:6.160441046176857e-10
A:                                              X:                       X_ans:                   B:
103   -3    -13   -11   1     -12   2     9     0.011566877365112305     0.011566855003770173     3     
-4    91    -16   2     8     9     -4    -13   0.013788402080535889     0.01378840773970635      6     
4     8     64    12    -3    3     -12   -8    -1.0492537021636963      -1.0492537062186926      -42   
-2    -13   -9    52    4     2     1     5     1.6476656794548035       1.6476657792456615       83    
-7    0     -11   3     83    4     -15   -7    -1.6334517002105713      -1.6334518038812138      -121  
10    4     -9    10    -4    88    -8    11    -1.130579650402069       -1.130579756449478       -75   
14    -6    -11   -9    -11   -15   78    -1    0.12348359823226929      0.12348361514343031      42    
-13   7     -10   -16   9     -7    -12   109   -0.6496074795722961      -0.649607550567702       -95   
error:2.730757842073217e-10
A:                                              X:                       X_ans:                   B:
77    -12   -11   -7    15    -3    0     -2    -0.1848852038383484      -0.18488517329799758     -22   
8     92    -6    -13   7     -2    1     -9    -0.17226505279541016     -0.17226509276204477     -17   
-2    15    82    12    -1    11    12    13    -0.12940257787704468     -0.1294026663499061      -3    
0     6     14    69    -13   -8    -12   -4    0.6185867190361023       0.6185868309562069       35    
0     -16   12    2     126   -1    -2    -6    -0.5116236209869385      -0.511623687117164       -57   
-8    12    -8    -3    1     114   -16   11    0.5926439166069031       0.5926440710743491       36    
6     7     13    2     6     7     115   13    0.9835920333862305       0.9835921074740165       95    
-11   -14   16    -10   0     11    -3    90    -1.2639715075492859      -1.2639716188131314      -114  
error:5.26053867133669e-10
A:                                              X:                       X_ans:                   B:
113   -5    -1    12    0     15    7     1     -0.6468963027000427      -0.6468963688318738      -52   
15    94    -1    -9    -6    14    2     12    -0.485076904296875       -0.4850769778598658      -31   
6     -10   110   -12   2     -5    -3    4     -0.2876441478729248      -0.2876442050674602      -37   
7     -4    -12   92    12    2     -3    1     0.4377211332321167       0.43772117820759265      34    
-4    -14   -7    -7    120   -10   16    14    -0.7277661561965942      -0.7277662340864872      -65   
0     15    -1    0     -4    90    9     -2    0.6638762354850769       0.663876288868173        56    
10    0     -2    -5    -13   2     93    2     0.2904132008552551       0.29041320663441295      32    
16    -2    -7    -7    1     -14   12    112   1.1425695419311523       1.1425696656803492       111   
error:3.2999025734170573e-10
A:                                              X:                       X_ans:                   B:
104   -8    -3    13    13    -16   2     -9    -1.5522763133049011      -1.5522763575374747      -125  
12    106   9     5     13    12    -11   7     0.12306934595108032      0.12306925853731732      -23   
12    14    106   -16   -9    11    -11   15    -0.5372495651245117      -0.5372495448395669      -113  
15    10    15    93    15    16    1     7     0.4826199412345886       0.48261991398670234      6     
3     5     14    -1    78    6     -2    6     0.630092203617096        0.6300922851684418       27    
5     -3    -15   -5    -13   88    -16   14    -0.9908357262611389      -0.9908357489686697      -116  
11    4     13    -11   -3    -5    127   15    0.7439650297164917       0.7439650963283558       62    
-2    -3    -4    14    11    9     12    80    -0.44477611780166626     -0.44477620583387745     -17   
error:2.6265212227372103e-10
A:                                              X:                       X_ans:                   B:
120   -2    13    11    -1    1     14    12    0.36081886291503906      0.3608189116553018       77    
15    114   9     -14   14    -6    15    10    -0.07492494583129883     -0.07492505911598457     51    
15    1     111   3     7     4     0     15    0.7398915886878967       0.7398916757475762       115   
-12   0     11    103   10    -9    -14   -12   -0.034231483936309814    -0.034231524520941414    -6    
-12   6     0     -12   109   -5    3     -11   1.2884933948516846       1.2884934870392621       126   
0     2     9     -13   16    107   -11   1     -0.8037824034690857      -0.8037824521359467      -64   
-9    -2    12    -4    -9    -13   78    -10   0.6382629871368408       0.6382630805720764       40    
12    -4    -2    7     -7    15    -11   97    1.4555355906486511       1.4555356899424852       116   
error:5.008260473005066e-10
A:                                              X:                       X_ans:                   B:
104   -1    10    -14   6     -6    -15   -10   -0.3055698275566101      -0.30556987482382314     -21   
14    113   10    15    -8    -14   16    0     0.7534713745117188       0.7534714207330676       104   
13    -6    83    -7    9     -11   -11   -3    1.6092517375946045       1.6092518329214458       109   
-2    2     6     58    9     -2    -2    -7    -0.5964713096618652      -0.5964713442586176      -33   
0     1     9     4     75    -8    7     -2    -1.3812469840049744      -1.3812470880133039      -88   
-10   -6    6     1     -2    68    -4    -3    0.29722124338150024      0.29722129879003617      30    
3     8     -6    16    -12   7     112   4     0.5688362717628479       0.5688363136447343       66    
3     -8    -4    12    -6    2     -6    100   -0.5692976117134094      -0.5692976279066628      -72   
error:1.9745982626773184e-10
A:                                              X:                       X_ans:                   B:
88    -16   -8    10    -14   14    -1    10    -0.6454259753227234      -0.6454261275226268      -112  
2     124   -12   14    2     0     12    2     -0.061649978160858154    -0.0616500986583046      -7    
-2    -5    79    6     13    9     10    -5    0.06863152980804443      0.06863161635301959      22    
11    14    6     126   13    4     -6    -12   -0.7900587320327759      -0.7900587546938206      -92   
11    -2    2     -5    94    14    8     15    1.451586365699768        1.451586473952504        112   
2     0     -8    2     -1    80    16    -14   -1.4097857475280762      -1.409785922089361       -92   
-3    10    13    7     -3    13    97    -12   1.0207132697105408       1.020713374553966        81    
9     11    -7    5     -4    11    8     90    -0.6659334897994995      -0.6659334959639278      -84   
error:9.291625246987678e-10
A:                                              X:                       X_ans:                   B:
84    12    2     -15   -16   -12   4     -3    0.43228137493133545      0.43228143261062535      46    
13    95    15    5     -11   12    -12   9     -0.3370232582092285      -0.337023303483802       -37   
14    -13   106   -12   9     -13   -16   2     0.017478644847869873     0.017478624290029842     42    
7     -16   2     124   11    13    -12   12    -1.0077763795852661      -1.0077764713775725      -118  
-8    5     -6    -13   114   -7    -15   15    0.31622612476348877      0.31622614824636935      46    
-12   14    2     -11   -6    115   -2    -15   -0.35727936029434204     -0.3572794123293582      -29   
-7    0     12    -4    10    6     87    -12   -0.7274178266525269      -0.7274178307921134      -52   
-4    -10   10    12    3     -10   7     93    -0.7543238997459412      -0.7543239101425039      -81   
error:2.355733386139036e-10
A:                                              X:                       X_ans:                   B:
106   11    16    1     14    -11   12    12    0.7242729663848877       0.724273058148326        85    
-8    119   -12   -12   -1    6     -4    -11   -0.809589147567749       -0.8095892067476406      -99   
-4    -14   113   -5    -5    2     -7    5     0.34859758615493774      0.3485976095598047       63    
-7    7     -9    64    -6    12    0     15    -1.7439687848091125      -1.7439688170696774      -111  
-7    -14   -16   7     82    -2    -9    12    -0.17353612184524536     -0.17353617504990654     -11   
-10   3     6     15    16    124   16    9     -0.2854427695274353      -0.2854428130364161      -63   
-15   -11   -15   8     3     -4    102   10    -0.07578599452972412     -0.07578604910109718     -17   
8     14    16    -8    6     -9    5     79    1.1248342990875244       1.1248343559271299       104   
error:3.1734970207253355e-10
A:                                              X:                       X_ans:                   B:
74    4     -2    6     -13   14    4     11    -0.17956823110580444     -0.17956823685206108     5     
7     123   -14   -12   -13   -4    -11   9     -0.34393739700317383     -0.34393744071292925     -80   
-14   8     92    1     1     5     -15   5     1.4697791934013367       1.4697793494490698       114   
-16   3     12    112   15    15    -15   14    -0.10956478118896484     -0.1095647929670142      -22   
-14   -8    12    5     82    -6    2     6     -0.853145182132721       -0.8531452898916655      -57   
-4    9     -4    -14   1     84    -11   -8    1.156906545162201        1.1569066374665757       81    
-14   8     -6    -9    11    1     92    10    1.4254571199417114       1.425457268927342        106   
16    2     15    -15   -15   9     -5    102   -0.8844238519668579      -0.8844240020207832      -54   
error:5.644089640099992e-10
A:                                              X:                       X_ans:                   B:
76    -10   4     -9    -12   10    6     -4    1.3518460988998413       1.351846191457857        117   
8     106   1     14    -15   11    6     16    0.3503861427307129       0.3503862341698173       21    
10    16    90    1     -7    16    -6    9     0.23641473054885864      0.23641472381301495      39    
13    16    3     111   3     -12   2     8     -0.9979932904243469      -0.9979934217232348      -103  
3     12    -11   2     94    -7    5     2     0.3958982229232788       0.3958982637132118       34    
-4    -8    13    -3    12    114   -4    10    0.7736373543739319       0.7736374504285424       80    
4     -11   8     -16   -14   5     70    5     0.12032240629196167      0.12032239564282758      21    
-1    3     2     16    -6    1     7     45    -1.0321056246757507      -1.0321055966389985      -63   
error:4.59575488775954e-10
A:                                              X:                       X_ans:                   B:
107   2     -4    -16   16    6     -12   16    0.4960407018661499       0.49604077392336493      42    
-5    72    7     5     -14   -13   7     12    0.8122865557670593       0.8122866869653755       3     
2     -15   95    8     10    13    -1    -14   0.32562142610549927      0.3256214745366123       84    
-2    13    4     125   8     11    -4    -4    0.5522931218147278       0.5522931735010667       115   
14    -2    -15   -8    71    1     -4    -11   1.2374501824378967       1.237450242759545        102   
-6    3     2     -6    13    73    -8    16    1.8839027881622314       1.8839028773622448       119   
10    -4    15    -8    3     13    84    4     0.5636295080184937       0.5636295322881926       71    
-4    -7    7     7     -10   14    9     83    -1.6813015341758728      -1.6813016419021976      -122  
error:3.637019574398437e-10
A:                                              X:                       X_ans:                   B:
101   -7    11    -6    8     13    0     -1    -0.3302490711212158      -0.3302491159515813      -26   
-13   80    2     9     4     16    14    6     0.7157010436058044       0.7157010735184104       56    
15    -3    81    -11   -12   -16   -9    -11   1.7140960097312927       1.7140961891500501       127   
15    13    11    108   13    14    10    -9    0.8882002830505371       0.888200362103232        110   
2     14    1     0     117   9     -11   3     0.7595183849334717       0.7595184516223538       106   
13    3     0     -3    -11   78    1     8     -0.5374040007591248      -0.5374040736318719      -54   
3     3     -11   13    -5    -13   119   -13   -0.9225015640258789      -0.9225016201996024      -116  
3     -11   -11   2     1     -7    -15   122   0.2506822943687439       0.25068233805706436      23    
error:4.761808725106675e-10
A:                                              X:                       X_ans:                   B:
106   11    9     -15   16    -4    13    -13   -1.2254829406738281      -1.2254830934913852      -127  
-9    119   -11   -7    -15   7     6     16    0.0411224365234375       0.04112243912448255      22    
2     8     109   15    2     14    12    -10   -1.3421220183372498      -1.3421221505665542      -113  
14    0     13    122   2     13    -8    -6    0.6565873026847839       0.6565874241805895       51    
-2    -13   12    -5    97    1     -4    -4    0.8215399980545044       0.8215400497889488       60    
14    -16   2     -13   8     94    2     -4    0.7861219644546509       0.78612203210192         54    
9     14    -10   6     16    16    91    -5    0.928381621837616        0.9283816911254456       118   
-5    -9    -10   -12   1     -1    16    125   -0.1775120496749878      -0.17751208805223365     4     
error:6.588329881651589e-10
A:                                              X:                       X_ans:                   B:
124   3     -3    -6    -14   -9    -1    -3    0.5572232007980347       0.5572232461617832       93    
9     108   -13   5     -9    8     -2    5     -0.42712104320526123     -0.42712111721760676     -61   
5     15    112   -5    9     -10   -2    -12   0.1598130464553833       0.15981302579007894      46    
15    -5    1     69    2     -5    7     -9    -2.033552408218384       -2.033552575166382       -117  
-2    16    -5    -6    100   5     15    10    -0.31370460987091064     -0.31370464390479685     -53   
15    6     -4    -10   4     125   -12   -5    -0.42245954275131226     -0.4224596050614544      -15   
9     7     11    -16   -6    -6    87    14    -0.4632936716079712      -0.4632937336552329      -22   
-5    -1    -12   -12   11    -11   -14   96    -1.6021695733070374      -1.6021697533627168      -126  
error:5.144720205407793e-10
A:                                              X:                       X_ans:                   B:
84    -9    15    3     -16   3     11    8     0.9692407846450806       0.9692408568957873       92    
-6    122   -8    2     -12   0     -11   -7    -0.45949429273605347     -0.45949436507009195     -59   
-7    16    90    11    -14   16    8     -2    -0.7843897342681885      -0.7843898094928449      -68   
-4    14    15    78    7     -14   -3    6     1.635366678237915        1.6353668389414728       113   
-14   2     3     -2    124   -5    -14   13    -0.2195829153060913      -0.21958292392977602     -34   
-2    -16   -11   -14   2     109   -3    -9    -0.20504093170166016     -0.20504093987127844     -42   
11    -6    -12   11    8     -15   106   -14   0.14433515071868896      0.14433515513233303      42    
3     9     -12   -3    -6    -8    0     95    1.1027717590332031       1.10277183637163         111   
error:3.574953666429792e-10
A:                                              X:                       X_ans:                   B:
116   0     0     -5    -4    -13   -4    -12   0.7462761402130127       0.746276206023082        69    
-3    65    1     -12   -13   12    11    -7    0.015342473983764648     0.015342504834494711     4     
1     -15   85    -12   -8    -1    3     9     0.8621227145195007       0.8621228604169586       54    
15    10    -16   95    1     -13   -5    4     0.055545032024383545     0.055545074846282405     -20   
11    10    9     -10   81    0     5     4     0.9133716225624084       0.9133717145583948       81    
5     9     -8    -14   -10   68    9     6     2.0512266159057617       2.0512267817659526       112   
1     -5    6     2     3     -12   67    6     -1.1471418738365173      -1.1471419155100961      -97   
-15   -14   4     7     -11   -2    -11   88    -0.7033793330192566      -0.7033794028920395      -71   
error:3.6070701980861486e-10
A:                                              X:                       X_ans:                   B:
79    7     -12   9     -11   8     14    0     -0.7459249496459961      -0.745925043306716       -40   
2     124   -15   -15   12    15    12    16    -0.8906041383743286      -0.8906042188120358      -102  
3     -7    87    -11   -15   12    12    13    -0.07231450080871582     -0.07231457122875112     23    
13    -11   -15   89    -6    8     -16   9     0.8891876935958862       0.8891877570464742       89    
-6    -14   -8    -12   91    6     9     14    -0.6433361768722534      -0.6433362903697268      -28   
4     -4    -1    7     -15   85    -6    -2    0.2367238998413086       0.236723917567297        31    
1     -3    5     -5    -2    -11   97    -6    0.5229536890983582       0.522953767867583        39    
-3    -3    -3    -15   -14   13    1     77    1.254600167274475        1.254600157068           101   
error:3.0251712246354145e-10
A:                                              X:                       X_ans:                   B:
118   3     12    -6    14    16    1     -10   0.7447990775108337       0.7447991796198529       92    
5     93    10    -10   11    6     9     -15   -0.9971952438354492      -0.9971953353592022      -59   
15    -8    120   12    -3    16    -15   6     -0.3081796169281006      -0.3081796615743262      -61   
12    1     -2    117   -15   15    -1    -10   -0.2609974145889282      -0.2609974231179651      -42   
9     -8    -2    13    68    -3    7     13    1.018928050994873        1.0189281199028553       69    
9     -11   -4    10    13    106   1     2     -1.283349871635437       -1.2833500533729842      -109  
-16   -15   -5    -14   3     -2    88    5     0.4959721565246582       0.49597221286751825      50    
-3    -3    16    8     1     -10   5     70    -1.5010087490081787      -1.5010089173579342      -95   
error:6.590461509858869e-10
A:                                              X:                       X_ans:                   B:
126   11    -7    15    -13   10    -7    -5    0.44244855642318726      0.44244861882502895      19    
-6    100   16    -13   -4    14    13    -16   -0.6411250829696655      -0.6411251490665789      -47   
-5    -1    119   16    -15   15    -3    -14   -0.175437331199646       -0.17543732813263876     -55   
-5    8     14    123   12    12    11    10    -1.137713611125946       -1.137713712632086       -109  
-14   5     -6    -2    116   -5    -3    -14   1.217594861984253        1.217594911609663        119   
7     5     0     -7    1     76    14    3     1.0042328238487244       1.0042328900499244       97    
-2    -8    12    11    0     -11   88    -2    0.6899932622909546       0.6899933547126437       38    
13    3     -7    -6    -4    -3    13    108   0.6484292149543762       0.6484293012507172       83    
error:3.892601796451345e-10
A:                                              X:                       X_ans:                   B:
84    15    -1    -5    -14   -12   -10   9     -0.5073770880699158      -0.507377177889696       -18   
7     66    -8    1     -16   -8    -11   0     1.2557877898216248       1.2557878827367566       69    
-10   10    89    0     -5    3     -6    -7    0.5831067562103271       0.5831067928490824       67    
15    9     2     97    -5    -6    -3    -1    -1.023466408252716       -1.023466482541741       -99   
4     -4    -7    -9    100   -4    -5    1     0.5347930192947388       0.5347930766444485       54    
-16   16    -9    -4    -7    115   -4    14    0.552522599697113        0.5525226097369403       102   
2     15    1     -9    2     -6    113   13    -0.7577118277549744      -0.757711901285731       -49   
15    10    -2    12    -16   1     15    105   0.865432620048523        0.8654327176479726       63    
error:2.686313393951423e-10
A:                                              X:                       X_ans:                   B:
93    -8    14    16    -2    -14   -16   4     1.596773624420166        1.5967737199549785       97    
7     79    11    12    -1    3     9     0     -0.01789677143096924     -0.017896817322251915    21    
-2    16    104   -8    -1    -13   -3    16    -0.03906118869781494     -0.03906120538572314     -21   
-10   -5    14    71    -1    6     14    15    -0.5168264508247375      -0.5168264884475741      -20   
9     8     2     -4    112   14    -2    -14   0.31992828845977783      0.3199283054483786       63    
4     9     -15   1     1     76    -9    -16   1.244225800037384        1.244225932235667        83    
2     -2    12    -9    7     6     62    -3    1.6061415076255798       1.6061415731253634       116   
5     16    -10   5     -8    5     -2    112   0.2325587272644043       0.2325587570930464       32    
error:1.9394263972571935e-10
A:                                              X:                       X_ans:                   B:
80    10    15    -16   2     1     2     -13   -0.9310610294342041      -0.9310610930396033      -50   
7     96    11    -14   14    4     3     -13   0.5468159914016724       0.5468160021389704       65    
-7    -5    68    -9    6     -11   -5    16    1.455142319202423        1.4551423920561877       72    
-10   1     3     62    -1    -14   7     -6    0.8682495355606079       0.8682494779949271       66    
1     16    3     5     74    -13   -10   4     0.07327598333358765      0.0732760400569983       1     
14    -3    13    8     10    100   11    4     0.8118644952774048       0.8118645437875902       99    
5     -4    13    3     -9    14    75    16    0.7755284309387207       0.7755285243456582       73    
0     -9    15    -12   12    -1    7     94    -0.6593929529190063      -0.6593930397124357      -50   
error:1.4575007867279055e-10
A:                                              X:                       X_ans:                   B:
109   -13   -11   -3    -13   12    7     12    -0.453205943107605       -0.4532059662365645      -11   
-2    95    8     12    -16   15    7     -6    -0.9919562935829163      -0.9919563996096596      -78   
-2    10    78    10    16    -4    14    -12   -0.8356302380561829      -0.8356303262893312      -56   
9     9     6     85    15    -2    10    1     0.5736662745475769       0.5736663690301699       45    
13    -6    -9    -11   84    -8    5     12    0.46594560146331787      0.4659456437761074       39    
-16   16    6     -4    0     71    8     2     1.181491732597351        1.1814918088869957       76    
-8    13    11    2     16    -8    100   -15   0.9351887106895447       0.9351888125825306       70    
15    0     -15   -10   -6    -7    -4    92    0.28051263093948364      0.28051271809462974      11    
error:3.1808156109036645e-10
A:                                              X:                       X_ans:                   B:
84    -7    4     16    16    -1    4     -4    -0.4231606721878052      -0.4231607320541194      -37   
2     120   -6    -11   -10   -5    3     -9    0.5716914534568787       0.5716915005295135       83    
4     6     117   -13   -9    -5    0     -10   -0.665277898311615       -0.6652779487198576      -66   
-4    -9    12    107   -2    -5    7     8     -0.630409836769104       -0.6304099069363043      -66   
2     11    3     9     124   11    -3    16    0.6078371405601501       0.6078371965369066       54    
10    -5    14    -11   -5    85    12    -14   -1.4345533847808838      -1.4345535094573023      -122  
14    -15   -1    0     9     -15   82    13    1.01352059841156         1.0135206763526363       96    
12    0     -1    -1    -5    12    -6    93    -0.020245254039764404    -0.020245235663642492    -32   
error:3.5564085010264535e-10
A:                                              X:                       X_ans:                   B:
95    2     -10   4     14    -15   1     0     -0.766379177570343       -0.7663792127440833      -69   
-2    67    10    -11   0     -1    9     -6    -1.2586714029312134      -1.2586714573620046      -82   
15    -8    121   -12   16    -1    -13   -8    -1.0878766179084778      -1.087876700013839       -127  
-5    13    -2    127   0     12    -4    -4    -0.7260515689849854      -0.7260516044190788      -98   
-15   -14   16    5     101   -7    -8    13    0.598727822303772        0.5987278644509885       62    
-16   -11   5     -10   2     97    12    -6    0.715270459651947        0.7152704713348699       105   
2     2     -15   -14   -5    -4    81    -3    0.6956744194030762       0.6956745106590478       72    
-5    -1    13    -7    -13   15    14    85    0.3092285394668579       0.30922859255031837      35    
error:2.779820817977452e-10
A:                                              X:                       X_ans:                   B:
113   -6    -10   -7    -5    12    0     -9    0.39629948139190674      0.39629951495376203      40    
5     121   -9    -11   14    11    12    -2    0.4329451322555542       0.4329451863778741       32    
12    7     106   8     16    14    7     12    0.5496662259101868       0.5496663349915956       41    
-8    15    10    108   12    -15   -12   11    -0.9715915322303772      -0.9715916639948563      -82   
15    10    -4    1     89    8     -10   -13   -0.7478213310241699      -0.747821395832478       -56   
11    11    -7    -8    6     125   7     7     -0.22266554832458496     -0.22266559838674937     -24   
6     12    3     5     3     -6    69    10    -1.1814300417900085      -1.1814301230394506      -73   
-8    -15   10    -1    -8    -2    0     124   0.5061968564987183       0.5061969075641458       66    
error:3.7559644283646776e-10
A:                                              X:                       X_ans:                   B:
96    -2    -15   -15   -16   11    3     6     0.8675420880317688       0.8675421316692894       113   
1     91    -11   16    6     14    -12   7     0.47681987285614014      0.4768199610426111       18    
1     2     119   -4    -12   14    5     -14   -0.04780632257461548     -0.04780634353910858     26    
-1    9     -8    81    12    -7    -6    2     -0.9182064533233643      -0.9182065381300518      -87   
9     11    4     13    78    -2    11    -2    -1.4842164516448975      -1.484216538572382       -117  
-10   12    -14   15    -4    94    -14   -5    -0.12093883752822876     -0.12093890870300299     -12   
-16   12    8     -15   4     -5    106   -16   -0.3731016516685486      -0.37310175419014807     -26   
0     -8    -1    -1    -11   -14   -8    67    -0.8530714511871338      -0.8530715503431         -39   
error:2.5997337615990546e-10
A:                                              X:                       X_ans:                   B:
105   -4    9     8     13    2     -9    15    -0.08340328931808472     -0.08340333232319085     -2    
-5    102   11    7     -8    -16   13    -1    0.7174167633056641       0.7174168285406795       87    
14    9     96    -14   1     -16   -16   -10   1.4782596230506897       1.4782598306545403       106   
12    16    1     97    13    -10   -1    -13   0.5057847499847412       0.5057847867440021       72    
1     -7    -5    -16   114   0     8     16    1.112693727016449        1.1126938814219145       107   
-15   -1    -5    -7    -4    79    -13   -1    1.1257930994033813       1.1257932160603925       55    
0     -14   -6    4     -11   -1    81    -4    1.5233877897262573       1.523387951156853        96    
6     -10   14    11    -4    -3    -4    89    -0.7153142094612122      -0.7153143261292743      -59   
error:8.357758929378178e-10
A:                                              X:                       X_ans:                   B:
86    -2    10    15    5     -1    -6    4     0.9956655502319336       0.995665582059071        111   
-7    121   1     1     -2    3     -3    0     0.3678813576698303       0.36788139571591527      38    
-1    16    94    11    -1    -15   -12   5     1.1815131306648254       1.1815132129110855       118   
8     11    11    94    -1    -11   3     -10   0.7335991263389587       0.7335991471923927       98    
-3    -14   -7    12    115   -1    0     3     1.1476637721061707       1.1476638733077285       122   
12    10    8     3     -15   85    -11   13    0.16809850931167603      0.1680985707570531       16    
-10   11    0     12    1     -11   67    16    -0.11064326763153076     -0.11064328900952496     -17   
-8    -11   0     -5    -6    -6    -7    94    -0.7361692190170288      -0.7361692831209403      -92   
error:2.99355207289409e-10
A:                                              X:                       X_ans:                   B:
111   -15   4     -2    12    -12   -16   12    0.2657097578048706       0.2657097333791408       55    
14    110   -2    -2    -9    -8    -3    6     1.0802632570266724       1.080263306992404        125   
4     8     118   -6    7     -1    16    2     0.8385874629020691       0.8385876140129505       89    
13    -2    2     76    0     14    7     -6    1.5924521088600159       1.5924522772533931       107   
-12   -5    -14   2     110   -6    2     16    0.5551380515098572       0.5551381240773706       65    
9     4     -1    10    -7    88    -13   -14   -0.07680749893188477     -0.0768075424928023      5     
13    15    2     -3    4     -12   68    -2    -1.056744933128357       -1.0567450253785917      -55   
5     -16   6     -13   9     10    12    100   1.4207878112792969       1.4207879077797396       102   
error:5.559108728903084e-10
A:                                              X:                       X_ans:                   B:
98    12    3     0     -3    1     7     -13   0.2419443130493164       0.241944349524544        -22   
-13   69    -1    12    11    6     -15   -2    -0.9358134865760803      -0.935813657777976       -27   
13    -7    113   9     -4    0     1     1     -0.6209999918937683      -0.6210000582425024      -64   
8     -11   -11   97    -6    12    -11   -11   0.2356753945350647       0.2356754566545819       38    
9     -16   0     -2    94    15    15    -16   1.2568174004554749       1.2568174985217713       84    
0     9     -15   -7    -12   109   -15   10    -0.2637200951576233      -0.26372012384288157     -5    
13    -4    6     6     1     -15   71    -4    -1.830083966255188       -1.8300840220297812      -125  
-5    -6    -8    -4    -2    16    -15   79    1.2133092880249023       1.2133093393634948       125   
error:3.455262742591003e-10
A:                                              X:                       X_ans:                   B:
78    -7    -11   -4    -1    -12   -4    0     1.7099647521972656       1.7099648693321516       121   
14    122   14    0     4     8     15    -5    0.5203948020935059       0.520394851840967        99    
-4    12    125   2     -1    7     4     10    -0.026869773864746094    -0.026869827336641717    0     
-3    3     -10   72    0     -2    8     15    1.3196932673454285       1.3196933661167904       95    
-8    6     1     4     44    3     -8    1     0.7383951544761658       0.7383952076581769       23    
1     -2    -15   -12   -13   105   -7    4     0.07046729326248169      0.07046732106561411      -21   
5     -13   13    6     -10   9     125   -11   0.5418217778205872       0.5418218552028548       71    
14    -7    -9    0     10    11    -5    115   -0.06076997518539429     -0.06077005205289029     19    
error:3.8844305549901037e-10
A:                                              X:                       X_ans:                   B:
62    14    -15   3     7     -7    7     -2    0.9418415427207947       0.9418415761239535       71    
-9    108   8     -8    -3    -8    7     -12   0.29387497901916504      0.29387504716942076      35    
-11   11    112   -15   5     -10   -6    -8    -1.006557047367096       -1.0065571107555802      -101  
9     2     1     93    -4    5     15    11    -0.6672235131263733      -0.6672235463981346      -72   
-5    10    -11   -14   76    -2    -4    13    -0.48371976613998413     -0.48371983260462487     -36   
3     13    -1    -7    9     123   -1    6     0.2386784553527832       0.23867850902073004      29    
-15   -5    -10   2     2     -12   116   -16   -0.3485988974571228      -0.3485989212840751      -28   
-1    0     4     -10   8     -6    -9    64    -1.445933222770691       -1.4459332190848497      -93   
error:1.8378898403170751e-10
A:                                              X:                       X_ans:                   B:
121   -5    14    6     -13   9     -16   1     0.25726765394210815      0.25726765387073625      21    
0     79    4     7     14    -4    2     1     1.0890470743179321       1.0890471620625841       101   
3     2     73    15    16    -5    -12   -3    0.16846364736557007      0.16846366999346613      40    
6     14    -5    75    -2    5     -15   6     0.04590761661529541      0.04590764139935107      23    
-16   2     7     10    99    0     -12   3     1.0048639178276062       1.0048639436986042       105   
-16   -15   5     4     -7    97    10    9     -0.26925021409988403     -0.2692502449538235      -59   
-13   -1    4     -3    8     -8    125   3     -0.5190791487693787      -0.5190792278124826      -59   
5     -8    13    -2    -14   -2    -12   105   -0.13687169551849365     -0.13687170868425094     -27   
error:2.2163249013829045e-10
A:                                              X:                       X_ans:                   B:
118   3     4     15    -9    16    8     12    0.8093631267547607       0.8093632514335339       95    
-13   118   -13   -8    5     -12   5     -7    0.40147918462753296      0.4014793174306427       24    
-3    16    125   -4    9     -9    4     16    1.1401843428611755       1.1401844387462061       127   
5     -2    -3    118   -13   -1    -16   -6    -0.4235708713531494      -0.42357097658471593     -44   
3     -3    4     -3    35    14    -1    -2    -0.1261114478111267      -0.1261115509560126      13    
-5    16    0     -7    10    104   -7    -5    0.6105450391769409       0.6105450971819191       72    
-9    -4    -2    16    8     15    116   1     0.023411154747009277     0.02341118790887034      -8    
-1    -7    -10   3     -4    12    -6    104   -0.9172907471656799      -0.9172908120374001      -104  
error:7.92695686868683e-10
A:                                              X:                       X_ans:                   B:
91    6     16    -5    13    -1    -14   -1    0.2612367272377014       0.26123677837468184      21    
6     101   -8    -9    6     -15   -6    -9    -0.3234764337539673      -0.32347652507534536     1     
2     14    79    7     2     16    -15   -15   -0.3777771592140198      -0.3777772037591376      -48   
15    -8    -12   123   14    -8    -2    -3    -0.13030403852462769     -0.13030408495271772     19    
-7    -10   -10   -9    117   5     -13   -16   0.925479531288147        0.9254795931632671       115   
-10   1     -5    -12   -14   87    -15   -10   -1.1930129528045654      -1.1930130068847853      -117  
-14   -10   -8    12    6     8     110   -13   0.6868988275527954       0.6868988865323368       85    
6     -16   -9    -5    15    1     1     104   -0.9535637497901917      -0.9535638471840964      -75   
error:3.04982705756629e-10
A:                                              X:                       X_ans:                   B:
125   -14   9     13    -7    -5    16    6     -1.0164601802825928      -1.0164604612475105      -118  
-13   72    -2    4     5     9     13    6     -0.2594149708747864      -0.2594152698486977      14    
-16   -15   66    5     1     6     6     7     -0.6677504777908325      -0.6677507891605629      -16   
4     -1    4     98    14    -13   -11   3     0.9550952315330505       0.955095425567648        80    
9     -16   11    7     116   14    9     8     0.8039684295654297       0.8039684013860027       96    
12    15    -11   -6    12    112   2     3     0.5690245032310486       0.5690246269908852       58    
9     10    5     -1    7     -8    119   15    0.7750651240348816       0.7750652967767379       65    
0     -8    4     10    10    -5    12    113   -0.8181470036506653      -0.8181470592747814      -69   
error:1.4855814356451447e-09
A:                                              X:                       X_ans:                   B:
111   -13   -16   3     -9    6     16    -2    0.5379064083099365       0.5379064712052601       74    
11    65    -2    -12   1     7     -1    -16   -2.0775344371795654      -2.077534614301621       -126  
8     13    125   9     -4    14    11    3     0.6144094467163086       0.6144095236344523       62    
-7    2     5     117   -15   5     -8    5     0.7192061543464661       0.7192061921376264       94    
10    9     13    7     110   -3    5     1     -0.39549124240875244     -0.3954912557817716      -51   
-5    0     -13   0     -5    95    14    2     0.7785724997520447       0.7785725636430969       52    
6     -16   13    -9    -16   2     93    -10   -0.8846160769462585      -0.8846161611196667      -32   
1     -1    15    -11   14    -2    1     118   -0.4401836395263672      -0.4401837030267722      -56   
error:3.135589565772534e-10
A:                                              X:                       X_ans:                   B:
98    5     -12   7     13    12    -8    -11   -0.3980904817581177      -0.39809055654313097     -5    
6     89    -2    12    -15   -7    0     -6    1.7257411479949951       1.7257413184470438       115   
-15   -12   127   -4    -3    9     -6    7     -0.5470981001853943      -0.5470981187777972      -79   
-11   15    -9    77    -14   6     -8    -1    -1.8655983209609985      -1.8655983904937088      -117  
-5    -4    6     5     59    -11   -1    8     1.1253657341003418       1.12536587468204         39    
-7    -9    5     1     -16   77    7     7     0.3818579912185669       0.3818580715232809       -15   
-16   -12   4     1     1     -4    72    14    -0.5190054178237915      -0.5190054257027232      -67   
5     11    7     6     -4    1     -11   117   -0.7740074396133423      -0.7740075111223937      -87   
error:2.7635849164653337e-10
A:                                              X:                       X_ans:                   B:
114   1     9     2     14    -5    -7    -1    0.8122978806495667       0.8122980079016281       83    
-7    121   -10   -6    -8    12    -14   16    0.7453570365905762       0.745357112297346        118   
5     16    96    -14   -2    9     -10   -6    -0.11647182703018188     -0.11647188787683306     -2    
-15   1     -7    116   -14   -15   -5    4     0.05034428834915161      0.05034431939637584      21    
7     -16   12    10    124   7     11    15    -0.8966812491416931      -0.8966812888219658      -103  
5     -9    13    -7    -11   116   4     -3    -0.34676486253738403     -0.34676490872724186     -41   
16    -6    -8    9     0     8     109   -12   -0.4154127836227417      -0.4154128612800597      -56   
10    -3    16    5     5     8     3     64    1.4879481792449951       1.487948190073299        91    
error:4.587370483477571e-10
A:                                              X:                       X_ans:                   B:
126   1     13    2     0     5     4     -15   0.07499498128890991      0.07499500255395103      33    
5     112   -15   12    5     16    -4    10    -0.49996697902679443     -0.4999670644345459      -60   
-11   -8    97    9     -9    -12   -15   -9    1.2674953937530518       1.2674954707165567       122   
12    14    6     109   -16   -13   3     14    0.8050153255462646       0.8050154180129616       88    
-16   16    2     11    99    -13   4     -6    -0.3534199595451355      -0.3534199479655152      -38   
-3    -4    8     -1    15    119   -7    7     0.5909866094589233       0.5909866964463781       72    
-3    -8    -16   6     -8    16    117   15    0.532232403755188        0.5322324635848771       62    
-16   9     -12   -9    4     8     -1    96    -0.05861741304397583     -0.05861743004827733     -31   
error:4.0321879168914165e-10
A:                                              X:                       X_ans:                   B:
117   -7    -3    -11   -14   5     3     11    0.1471213698387146       0.14712142981494963      9     
-11   113   -9    -7    -10   -10   15    11    0.41016316413879395      0.41016322140942096      39    
-1    14    118   11    10    3     -11   1     0.24727213382720947      0.24727215880660972      33    
-1    2     -8    113   4     -3    -8    -16   0.24043971300125122      0.2404397372260559       25    
-2    -2    -13   -6    120   5     16    16    0.2303025722503662       0.23030261822079767      31    
0     -6    -9    -7    14    68    11    2     0.6562018394470215       0.6562019246938805       49    
5     -5    -5    12    -10   12    80    11    0.7546373009681702       0.7546374040536247       62    
-8    -4    15    6     5     15    -14   92    -0.38873594999313354     -0.3887360302832571      -33   
error:2.717115421546623e-10
A:                                              X:                       X_ans:                   B:
77    -15   7     -6    -7    7     6     4     -0.9008432030677795      -0.9008432932229095      -41   
-16   121   -9    -9    11    6     15    -4    -1.0247677564620972      -1.0247678198883483      -107  
-5    4     108   -7    -10   -2    9     -5    0.9998920559883118       0.9998921920192059       103   
5     8     0     61    -13   -5    2     10    -1.4845659136772156      -1.4845660035849175      -108  
-5    12    -5    -9    115   3     2     15    0.6642922163009644       0.6642922929376576       87    
-6    -8    11    -10   8     123   9     16    0.34560227394104004      0.3456023069631556       93    
-13   9     -10   6     2     5     98    -5    -0.5638988018035889      -0.5638988112973625      -72   
10    -9    9     -3    11    4     -10   117   0.6752493977546692       0.6752494209501357       107   
error:5.025633242894401e-10
A:                                              X:                       X_ans:                   B:
102   8     -14   -14   -5    6     -14   -2    -0.43123382329940796     -0.4312342824729076      -17   
11    127   15    1     -1    5     14    1     -0.6643722653388977      -0.6643720491646552      -101  
3     5     101   -14   -2    -16   1     8     -0.18163836002349854     -0.18163867748104254     -30   
-13   -1    -3    108   -13   -14   7     9     -0.13927394151687622     -0.1392741757165652      3     
-9    -8    14    -1    55    -1    4     2     -2.330357849597931       -2.330357925191797       -127  
-16   5     -6    -10   -1    80    -7    8     0.35686761140823364      0.35686747016895487      36    
1     2     4     6     -11   8     89    6     -0.8749233484268188      -0.8749234542976989      -58   
-1    -10   2     11    6     5     -6    75    -0.8830852508544922      -0.8830852268234047      -68   
error:2.736655346780026e-09
A:                                              X:                       X_ans:                   B:
107   -6    6     -8    11    -5    -3    12    -0.06606918573379517     -0.06606923119376526     -32   
10    71    -6    -12   8     -2    -12   -11   0.5509551167488098       0.550955191346107        41    
0     5     63    15    -12   12    -10   -1    -0.7945137619972229      -0.7945138294684245      -29   
3     -9    8     111   -14   -15   -12   15    1.2622124552726746       1.2622126050596179       98    
10    -3    13    -3    73    -10   -13   -2    0.61273193359375         0.6127319845478265       24    
-12   0     -8    6     -9    91    10    15    0.5334927439689636       0.5334928310414092       45    
13    -6    14    9     16    8     89    -11   0.057116687297821045     0.05711668439159745      25    
8     2     6     -6    -15   7     15    75    -0.888442873954773       -0.8884429098789368      -83   
error:3.331770415115898e-10
A:                                              X:                       X_ans:                   B:
94    10    9     -8    -7    -7    6     16    0.7140709757804871       0.7140710213598317       90    
16    83    14    -2    -11   4     15    5     0.5117602348327637       0.5117602444584388       63    
2     -1    110   3     -1    13    -16   -11   -0.4965626001358032      -0.49656263525424793     -70   
-6    -16   -3    48    0     -1    -7    -11   -1.0531777739524841      -1.0531777841884122      -70   
7     16    -15   1     120   4     15    12    -0.42620742321014404     -0.4262075016573354      -19   
5     9     0     7     2     78    -8    3     -0.058553338050842285    -0.05855339223251345     -7    
12    8     -7    15    16    2     107   -9    0.4752059578895569       0.47520603921176935      40    
-13   -9    13    -5    10    14    10    94    0.4724249839782715       0.47242503117955076      29    
error:2.261657527924399e-10
A:                                              X:                       X_ans:                   B:
114   -1    -11   14    -10   -12   7     11    0.48524612188339233      0.4852461837187002       122   
0     56    0     -2    8     4     0     -6    -1.819823980331421       -1.8198239468602604      -117  
15    0     57    2     8     -3    -8    8     -2.0613237619400024      -2.0613238153343354      -120  
8     -1    -15   94    -16   -1    -14   13    0.806551992893219        0.8065519513686525       120   
13    3     7     8     73    -11   -1    12    -1.1717321276664734      -1.171732266440637       -79   
2     0     -16   -6    -3    78    4     14    -1.942909300327301       -1.9429094898876114      -126  
16    -15   16    16    15    10    125   2     0.3699442744255066       0.36994435399356773      23    
-8    -15   7     14    10    8     2     101   -0.6114568710327148      -0.611456836331237       -68   
error:3.8063419083300687e-10
A:                                              X:                       X_ans:                   B:
87    5     10    1     -10   -7    7     -14   1.3370637893676758       1.3370638283245135       115   
-3    116   7     15    10    3     -2    12    0.33602404594421387      0.336024072283572        19    
4     -12   80    8     -16   10    -8    10    -1.4543150663375854      -1.4543152132841297      -121  
6     12    -2    112   12    16    10    -15   0.27729666233062744      0.27729669976527804      54    
5     10    -10   -1    66    -3    11    8     -0.0023186802864074707   -0.002318757636800777    16    
-5    8     -3    8     8     77    15    -6    -0.1517825722694397      -0.15178262837718517     -7    
-3    16    -10   13    -5    -7    104   -1    -0.18660956621170044     -0.1866096392456223      2     
-11   -4    -7    4     -7    -5    0     100   -0.8201273083686829      -0.8201273933668962      -86   
error:2.6828317345461983e-10
A:                                              X:                       X_ans:                   B:
106   -11   7     7     -8    11    -14   -3    -1.0469639897346497      -1.0469641239979606      -98   
-7    94    12    16    0     -9    -8    -3    0.29710066318511963      0.29710070051764204      42    
3     5     77    3     2     9     11    12    -0.42053335905075073     -0.4205333920295965      -44   
-2    10    -6    126   14    0     -13   -13   0.4415806531906128       0.44158068619794233      97    
-9    15    8     -9    76    2     -1    -16   0.8945451974868774       0.8945452768734259       86    
-15   14    10    16    11    95    16    -1    0.6086013913154602       0.6086014021760828       74    
3     13    8     -1    5     1     59    13    -1.0597354173660278      -1.0597354922035345      -68   
-12   11    14    -3    1     0     14    116   -0.57480788230896        -0.5748078968334945      -72   
error:3.786979618780606e-10
A:                                              X:                       X_ans:                   B:
99    -10   7     -9    6     15    12    3     0.27475661039352417      0.27475669534576164      3     
7     103   14    6     0     6     -6    1     -0.23307746648788452     -0.23307751884857175     -26   
8     -14   80    3     -3    1     11    -6    -0.3547784686088562      -0.3547785356369734      -29   
-9    -7    -1    96    4     -12   -5    -5    0.28929609060287476      0.28929613266515836      31    
-5    10    -13   6     97    14    -2    7     -1.0723093748092651      -1.0723094320737743      -106  
-4    -14   8     4     -13   89    5     12    -0.726688802242279       -0.7266889017559292      -45   
7     -8    15    -8    -9    -15   95    -12   -0.5045070648193359      -0.5045071342607911      -39   
11    -3    12    -6    -8    -4    -7    93    0.6479008793830872       0.6479008818800654       73    
error:2.4854074354152544e-10
A:                                              X:                       X_ans:                   B:
87    4     5     14    -4    13    16    16    -0.16706281900405884     -0.16706279449368824     -35   
-14   122   4     3     -7    -13   13    -7    -0.7709067463874817      -0.7709068505053988      -78   
-5    -15   118   -1    -4    15    -4    -11   -0.7534059882164001      -0.7534061066361496      -63   
-1    -4    -15   125   -6    -11   -12   -2    -0.4569397568702698      -0.4569398307861235      -65   
1     16    1     -16   123   -13   -9    12    1.139847755432129        1.1398478508663215       98    
0     16    -6    8     -2    83    3     -16   0.26639413833618164      0.26639416725831755      40    
-15   -4    13    -7    -14   -12   116   5     1.3430061340332031       1.3430061763219399       127   
-15   -2    -10   6     11    9     14    89    -1.725596845149994       -1.725597056555308       -111  
error:6.868852153729677e-10
