01000101000000110000001111110101111110000000000100001110000000110000000001111001111101110000000111110110111111111111011000000011000011011111001101001011000010011111111000000000111111100000011000001101111100111111110001111101111100111111011011111111111110000000110011111010111101111111110101110100111111100000101000000111000000111111000000000010111111110000011101100111111100000000010100000100111100000000101111110000111100100000010001110011000010011111101100001110111111101111010100000010000010101111100001011110
1001101111001010100100010100011010101101001001011011011001000111
111111101011101011110000111111110100111010001100111111100111010011010100000000001000111100100010111111110100100101101011000000000011110100001001111111110110000000000101000000001100001010011110
01101000000011100000111011110010111110001111111000010000111101001111101001100110000011100000111011111000000010110000110111110101000100000000010101101001000011011111101000001101000010110000001000001101000010001111111001111101111101101111000100001011000001001111010000000010000100000000100001111110000100000000100000001111000011111111101100000010000001100000000001010011000001110000100000001001000010111111101111111101111100101111010001110001111101011111000111110011000000000000011100000001000010001111110001101000
1110110001101100011100111000011011010010010000100010111101001011
111111110110010001101100000000001110000101010011000000010000110010011001111111110000011101001100111111110100000111011001000000001110001110010100000000000111100111101010000000001100010000010111
01101010000010011111111011110100111100010000011011110110000001111111101001111000111101001111011111110011111101010000111011111000111111100000100001011000111101000000101100000000000011111111000111111001111111001111110000111010111110110000101100000000111101100001000000000100000000111111001001010000000100001111001100000010000010110000101111111010000010010001000001001100000000110000001011111001111111000000111100001010111110010000110001100110111111111111110111110111111111111111110100000001000010110000110101101100
1100000000101000101011110001001001100101001010011100010001100001
111111110111011110000000000000001000011111001011111111110010100000010111000000000111101100110111000000010101011001100010000000000010000001111000111111111000111100100010000000001111010111111011
01011011111100100000101000000001000000011111001100001000000000000000100101100001111110110001000011110111111110000000111011110010111101100000100101101110111110011111111111110000111111001111000111110011000010010000101001100100000010001111011011110101111101001111110000001100111101001111010101010100000010010000111100001100000010110000101000001001000100000000100101101000111111111111011000000000000001011111010111110101000011100000111001010000111110010001000011110010111111000000010011111111111111110000001000111101
0110111101111000110000111010001101001001000010101100010000000110
000000011001101101110101000000010111010100110110111111110101111111101111111111110000011010110110000000001011100110100110111111111110110010000110111111101101010100101100000000000001010101001000
01011110000001011111101011110110111110010000010000001001000010110000101101100010111111001111111111111010000011101111011100000111111101111111001101101000000011011111101011110111000010000000000111111100111100101111010001000011111111100000001000010000000001110000001100001110111100101111100101010100000010111111110000000000111110010000000100010000000000110000010101011110000001110000010000000110000010110000011100000000111101110001000001110011000011011111010100000110000000101111010011111110111110100000001101101110
1110010111011110111001011101011010111010001000111001011000001111
111111111010011101011010111111110111000111111100111111111100100100110001111111110110000110011011111111110001000101010101000000001000011100100000111111110000000011111111000000000001101101111110
