01101011
01110010
01111011
01000001
01110111
01110101
01010000
01000010
01110100
01011110
01010101
01111000
01011110
01010001
01011111
01011110
01100110
01101000
01110110
01010000
01000111
01100010
01111110
01111111
01001100
01100100
01111111
01000101
01101111
01010101
01011001
01011110
01110011
01111010
01111001
01010111
01110001
00111001
01001101
01001111
01100000
01011010
00111101
01111100
01000100
01100001
01000100
01001001
01001101
01110110
00111011
01110010
01101001
01100011
01001111
01111111
01110100
00111101
01011111
01000110
01100000
01101110
01110000
01100001
01110001
01101010
01100111
01000001
00111100
01001100
01010110
01101011
01010010
01010101
01010000
01011011
01010111
00111111
01000010
01100000
01100111
01101111
01111000
01110011
01110110
01101100
01011101
01100111
01110010
01010000
01110101
01011011
01010011
01111101
01011110
01101000
01110101
01101100
01000011
01101111
01010000
01011011
01011111
01010111
01100100
01110100
01010010
01111100
01011101
01110111
01100010
01101101
01101000
01111001
01110011
01110001
01100110
01101000
01101010
01001011
01111100
01001100
01110111
01101000
01010000
01111101
01100101
01111100
00111110
01010001
01000100
01100001
01001010
01001001
01001011
01111010
01110100
01011101
01011110
01010000
01000100
01101000
01011100
01101000
01100000
01110100
01110111
00111010
01111001
00110001
01111111
01110100
01101001
01100101
01010111
01110011
01001010
01110011
01111110
01001000
01100000
01000001
01001010
01011010
00111110
01000111
01001010
01101011
01001000
01011001
00110000
01111110
01110001
01001101
01010000
01101101
00111001
01011000
01110000
01001101
01010001
01000010
01100101
01110101
01100111
01001110
01101110
01000111
01111011
01100011
01101101
01100100
01110000
01101111
01010101
01101110
01111111
01101000
01110110
01011001
01010011
01001100
01001001
01011111
01010010
01111101
01100010
01100100
01001000
01101111
01101011
01100101
01110011
01011011
01111100
01101010
01100100
00111110
01100000
01111101
01011010
01011010
01010001
01101101
01001110
01010011
01111111
01110010
01110110
01101100
01110100
01100011
01001100
01100010
01000010
00110111
01100000
00101100
00111100
01110101
01111000
01111001
01011000
01011010
01111010
01000011
01100000
01110000
01000111
01101100
01111101
01011001
01100011
01101011
01101101
00110011
01100110
01101000
01001001
00111110
01110011
01010101
01101010
01001011
01111100
01010011
01100010
01111011
01111100
01010101
01111111
01010010
01001111
01000101
01101011
01100110
01011110
01101001
01111100
01011101
01100011
01001101
01011011
01100011
01110010
01101001
01101100
01010011
01100101
01110101
01100100
01111100
01010011
01101111
01111100
01001011
01110111
01000011
01001111
01100100
01010110
01100110
01100101
01011010
01110011
01000100
01011111
00111110
01001100
01100001
01110000
01100110
01101000
01101111
01001100
01010110
01010000
01110000
01011001
01010001
01101010
01111110
01010010
01011101
01101101
01010000
01101011
01111010
01100010
01010110
01111101
01100000
01110011
01001111
01111111
01011101
01010111
01010100
01001001
01101101
00111100
01001000
01101110
01011011
01011001
01101100
01011000
01111001
01001011
01001110
00110010
00101110
01101110
01000110
01100110
01100110
01110011
01011000
01001010
01100100
01001111
01011101
01100000
01011111
01001011
01011000
01111100
01111101
00111011
01111011
01010100
00111111
01110011
01100011
01000100
01011011
01011010
01000001
01101100
01100000
00111011
01010110
01000111
00111101
01010110
01101000
01111010
01111000
01101101
01001101
01101100
01111001
01010010
01011001
01010111
01101100
01101000
01111101
01110101
01100000
